7392-122893
OS REV: 1.11 Sensor Cal: 1439861837
Time (sec),  BV (Volts),  T (deg C),  DO (mg/l),  Q ()
1627950660,+3.50,+16.817,+11.914,+1.020
1627951560,+3.50,+16.842,+11.944,+1.017
1627952460,+3.50,+16.859,+11.891,+1.017
1627953360,+3.50,+16.876,+12.026,+1.019
1627954260,+3.50,+16.876,+12.041,+1.018
1627955160,+3.50,+16.885,+11.930,+1.020
1627956060,+3.50,+16.893,+11.899,+1.020
1627956960,+3.50,+16.893,+11.910,+1.020
1627957860,+3.50,+16.928,+11.935,+1.020
1627958760,+3.50,+16.945,+11.739,+1.019
1627959660,+3.50,+16.919,+11.797,+1.019
1627960560,+3.50,+16.945,+11.750,+1.021
1627961460,+3.50,+16.953,+11.740,+1.021
1627962360,+3.50,+16.970,+11.671,+1.021
1627963260,+3.50,+16.979,+11.473,+1.020
1627964160,+3.50,+17.004,+11.400,+1.021
1627965060,+3.50,+17.013,+11.244,+1.021
1627965960,+3.50,+17.013,+11.116,+1.019
1627966860,+3.50,+17.030,+10.760,+1.019
1627967760,+3.50,+17.039,+10.569,+1.018
1627968660,+3.50,+17.013,+10.519,+1.017
1627969560,+3.50,+17.013,+10.662,+1.018
1627970460,+3.50,+17.030,+10.769,+1.018
1627971360,+3.50,+17.030,+10.725,+1.019
1627972260,+3.50,+17.039,+10.683,+1.018
1627973160,+3.50,+17.056,+10.221,+1.016
1627974060,+3.50,+17.047,+10.393,+1.018
1627974960,+3.50,+17.021, +9.920,+1.015
1627975860,+3.50,+17.030, +9.669,+1.014
1627976760,+3.50,+17.047,+10.041,+1.016
1627977660,+3.49,+17.098,+10.329,+1.019
1627978560,+3.50,+17.201,+10.871,+1.020
1627979460,+3.50,+17.269,+10.853,+1.020
1627980360,+3.50,+17.320,+10.713,+1.020
1627981260,+3.50,+17.567,+10.499,+1.020
1627982160,+3.50,+17.881,+10.267,+1.022
1627983060,+3.50,+18.196,+10.532,+1.023
1627983960,+3.50,+18.543,+10.342,+1.023
1627984860,+3.50,+18.925,+10.232,+1.022
1627985760,+3.50,+19.212,+10.283,+1.021
1627986660,+3.50,+19.272,+10.332,+1.021
1627987560,+3.50,+19.559,+10.282,+1.022
1627988460,+3.50,+19.652,+10.257,+1.020
1627989360,+3.50,+19.990,+10.254,+1.019
1627990260,+3.50,+20.328,+10.420,+1.018
1627991160,+3.50,+20.615,+10.750,+1.016
1627992060,+3.50,+20.910,+10.848,+1.014
1627992960,+3.50,+21.349,+10.672,+1.019
1627993860,+3.50,+21.686,+10.467,+1.017
1627994760,+3.50,+21.720,+10.147,+1.023
1627995660,+3.50,+21.939, +9.742,+1.023
1627996560,+3.51,+22.057, +9.332,+1.022
1627997460,+3.51,+22.040, +8.978,+1.019
1627998360,+3.51,+21.973, +8.728,+1.019
1627999260,+3.51,+21.821, +8.586,+1.019
1628000160,+3.51,+21.636, +8.442,+1.020
1628001060,+3.51,+21.526, +8.269,+1.018
1628001960,+3.51,+21.484, +8.254,+1.019
1628002860,+3.51,+21.408, +8.465,+1.021
1628003760,+3.51,+21.205, +8.700,+1.023
1628004660,+3.51,+19.610, +8.560,+1.019
1628005560,+3.51,+18.297, +8.767,+1.018
1628006460,+3.51,+17.813, +8.860,+1.020
1628007360,+3.51,+17.847, +8.832,+1.019
1628008260,+3.51,+18.017, +8.799,+1.019
1628009160,+3.51,+18.772, +8.671,+1.020
1628010060,+3.51,+20.345, +8.444,+1.021
1628010960,+3.51,+20.817, +8.449,+1.020
1628011860,+3.51,+20.885, +8.509,+1.019
1628012760,+3.51,+21.070, +8.569,+1.021
1628013660,+3.51,+21.104, +8.635,+1.020
1628014560,+3.51,+21.332, +8.740,+1.021
1628015460,+3.51,+22.099, +8.893,+1.023
1628016360,+3.51,+21.374, +9.307,+1.020
1628017260,+3.51,+20.328, +9.760,+1.020
1628018160,+3.51,+19.035,+10.193,+1.019
1628019060,+3.51,+17.907,+10.548,+1.018
1628019960,+3.51,+17.337,+10.826,+1.021
1628020860,+3.51,+16.876,+11.026,+1.020
1628021760,+3.51,+16.663,+11.212,+1.022
1628022660,+3.51,+16.586,+11.290,+1.020
1628023560,+3.51,+16.586,+11.349,+1.020
1628024460,+3.51,+16.560,+11.437,+1.020
1628025360,+3.51,+16.603,+11.498,+1.021
1628026260,+3.51,+16.697,+11.547,+1.021
1628027160,+3.51,+16.774,+11.586,+1.021
1628028060,+3.51,+16.808,+11.670,+1.021
1628028960,+3.51,+16.902,+11.698,+1.021
1628029860,+3.51,+17.004,+11.713,+1.020
1628030760,+3.51,+17.030,+11.763,+1.022
1628031660,+3.51,+17.039,+11.786,+1.021
1628032560,+3.51,+17.039,+11.798,+1.021
1628033460,+3.51,+17.107,+11.773,+1.019
1628034360,+3.51,+17.081,+11.793,+1.021
1628035260,+3.51,+17.124,+11.759,+1.020
1628036160,+3.51,+17.132,+11.764,+1.021
1628037060,+3.50,+17.175,+11.764,+1.022
