7392-122893
OS REV: 1.11 Sensor Cal: 1439861837
Time (sec),  BV (Volts),  T (deg C),  DO (mg/l),  Q ()
1628561760,+3.50,+13.382,+12.175,+1.021
1628562660,+3.50,+13.426,+12.088,+1.022
1628563560,+3.50,+13.497,+11.876,+1.020
1628564460,+3.50,+13.418,+11.749,+1.019
1628565360,+3.50,+13.426,+11.583,+1.020
1628566260,+3.50,+13.462,+11.391,+1.019
1628567160,+3.50,+13.505,+11.193,+1.019
1628568060,+3.50,+13.584,+10.993,+1.020
1628568960,+3.49,+13.611,+10.791,+1.019
1628569860,+3.49,+13.672,+10.636,+1.021
1628570760,+3.49,+13.742,+10.413,+1.020
1628571660,+3.49,+13.803,+10.238,+1.020
1628572560,+3.49,+13.952,+10.058,+1.020
1628573460,+3.49,+14.074, +9.885,+1.020
1628574360,+3.49,+14.109, +9.750,+1.020
1628575260,+3.49,+14.048, +9.610,+1.018
1628576160,+3.49,+14.083, +9.476,+1.020
1628577060,+3.49,+14.083, +9.311,+1.019
1628577960,+3.49,+14.109, +9.166,+1.019
1628578860,+3.49,+14.135, +9.030,+1.019
1628579760,+3.49,+14.144, +8.920,+1.020
1628580660,+3.49,+14.135, +8.831,+1.021
1628581560,+3.49,+14.144, +8.713,+1.019
1628582460,+3.49,+14.100, +8.621,+1.019
1628583360,+3.49,+14.083, +8.587,+1.020
1628584260,+3.49,+14.074, +8.509,+1.019
1628585160,+3.49,+14.048, +8.446,+1.019
1628586060,+3.49,+14.083, +8.371,+1.020
1628586960,+3.49,+14.074, +8.310,+1.020
1628587860,+3.49,+14.092, +8.220,+1.019
1628588760,+3.49,+14.083, +8.160,+1.018
1628589660,+3.49,+14.100, +8.122,+1.020
1628590560,+3.49,+14.100, +8.092,+1.020
1628591460,+3.49,+14.144, +8.057,+1.021
1628592360,+3.49,+14.144, +8.012,+1.020
1628593260,+3.49,+14.162, +7.976,+1.020
1628594160,+3.49,+14.170, +7.942,+1.020
1628595060,+3.49,+14.188, +7.872,+1.019
1628595960,+3.49,+14.214, +7.815,+1.020
1628596860,+3.49,+14.231, +7.729,+1.019
1628597760,+3.49,+14.231, +7.656,+1.020
1628598660,+3.49,+14.249, +7.576,+1.021
1628599560,+3.49,+14.249, +7.491,+1.021
1628600460,+3.49,+14.249, +7.394,+1.019
1628601360,+3.49,+14.275, +7.300,+1.020
1628602260,+3.49,+14.292, +7.200,+1.020
1628603160,+3.49,+14.292, +7.082,+1.019
1628604060,+3.49,+14.318, +6.996,+1.020
1628604960,+3.49,+14.327, +6.892,+1.021
1628605860,+3.49,+14.371, +6.772,+1.020
1628606760,+3.49,+14.414, +6.647,+1.019
1628607660,+3.49,+14.501, +6.548,+1.020
1628608560,+3.49,+15.004, +6.393,+1.020
1628609460,+3.48,+15.969, +6.250,+1.021
1628610360,+3.49,+16.800, +6.143,+1.020
1628611260,+3.48,+17.728, +6.137,+1.021
1628612160,+3.49,+18.085, +6.249,+1.020
1628613060,+3.49,+18.679, +6.400,+1.021
1628613960,+3.49,+19.305, +6.548,+1.020
1628614860,+3.49,+19.610, +6.698,+1.020
1628615760,+3.49,+20.024, +6.788,+1.020
1628616660,+3.49,+20.716, +6.873,+1.022
1628617560,+3.49,+21.458, +6.908,+1.020
1628618460,+3.50,+22.040, +7.013,+1.021
1628619360,+3.50,+22.369, +7.147,+1.020
1628620260,+3.50,+22.639, +7.315,+1.022
1628621160,+3.50,+23.043, +7.449,+1.021
1628622060,+3.50,+23.566, +7.700,+1.024
1628622960,+3.50,+23.996, +8.164,+1.026
1628623860,+3.50,+20.978, +8.375,+1.021
1628624760,+3.50,+20.784, +8.390,+1.021
1628625660,+3.50,+20.733, +8.394,+1.020
1628626560,+3.50,+20.834, +8.374,+1.020
1628627460,+3.50,+21.214, +8.324,+1.021
1628628360,+3.50,+21.391, +8.321,+1.022
1628629260,+3.50,+21.686, +8.270,+1.021
1628630160,+3.50,+21.661, +8.306,+1.022
1628631060,+3.51,+21.543, +8.295,+1.020
1628631960,+3.50,+21.593, +8.310,+1.021
1628632860,+3.51,+21.534, +8.306,+1.020
1628633760,+3.51,+21.509, +8.315,+1.021
1628634660,+3.51,+24.830, +8.295,+1.027
1628635560,+3.51,+24.383, +8.956,+1.023
1628636460,+3.51,+23.760, +9.668,+1.022
1628637360,+3.50,+23.262,+10.373,+1.024
1628638260,+3.51,+23.085,+10.976,+1.021
1628639160,+3.51,+17.303,+12.704,+1.018
1628640060,+3.51,+15.487,+13.296,+1.021
1628640960,+3.51,+14.544,+13.556,+1.021
1628641860,+3.51,+13.952,+13.632,+1.021
1628642760,+3.51,+13.672,+13.594,+1.020
1628643660,+3.51,+13.576,+13.547,+1.021
1628644560,+3.51,+13.418,+13.474,+1.019
1628645460,+3.51,+13.365,+13.393,+1.019
1628646360,+3.51,+13.251,+13.327,+1.020
1628647260,+3.51,+13.259,+13.193,+1.021
1628648160,+3.50,+13.312,+13.034,+1.021
