7450-914536
OS REV: 1.05 Sensor Cal: 1620327588
Time (sec),  BV (Volts),  T (deg C),  DO (mg/l),  Q ()
1623291360,+3.51,+13.509,+12.827,+0.955
1623292260,+3.51,+13.492,+12.531,+0.955
1623293160,+3.51,+13.483,+12.339,+0.955
1623294060,+3.51,+13.474,+12.132,+0.955
1623294960,+3.51,+13.509,+11.934,+0.955
1623295860,+3.51,+13.509,+11.770,+0.955
1623296760,+3.51,+13.518,+11.528,+0.954
1623297660,+3.51,+13.518,+11.256,+0.954
1623298560,+3.51,+13.570,+11.093,+0.955
1623299460,+3.51,+13.544,+10.788,+0.955
1623300360,+3.51,+13.536,+10.493,+0.955
1623301260,+3.51,+13.501,+10.252,+0.955
1623302160,+3.51,+13.474,+10.033,+0.955
1623303060,+3.51,+12.800,+10.761,+0.955
1623303960,+3.51,+12.473,+10.676,+0.955
1623304860,+3.51,+12.305,+10.315,+0.956
1623305760,+3.51,+12.181,+10.041,+0.956
1623306660,+3.51,+12.030, +9.771,+0.956
1623307560,+3.51,+11.959, +9.508,+0.956
1623308460,+3.51,+11.977, +9.410,+0.957
1623309360,+3.51,+12.004, +9.333,+0.956
1623310260,+3.51,+12.039, +8.977,+0.956
1623311160,+3.51,+12.093, +8.805,+0.956
1623312060,+3.51,+12.093, +8.890,+0.956
1623312960,+3.51,+12.102, +8.659,+0.956
1623313860,+3.51,+12.013, +8.528,+0.956
1623314760,+3.51,+11.951, +8.865,+0.956
1623315660,+3.51,+11.906, +8.957,+0.956
1623316560,+3.51,+11.906, +9.027,+0.956
1623317460,+3.51,+11.951, +8.872,+0.956
1623318360,+3.51,+11.968, +8.728,+0.956
1623319260,+3.51,+11.977, +8.661,+0.956
1623320160,+3.51,+12.004, +8.543,+0.956
1623321060,+3.51,+12.004, +8.428,+0.956
1623321960,+3.51,+11.986, +8.110,+0.956
1623322860,+3.51,+11.977, +8.135,+0.956
1623323760,+3.51,+11.959, +7.931,+0.956
1623324660,+3.51,+11.986, +7.892,+0.957
1623325560,+3.51,+12.013, +7.623,+0.957
1623326460,+3.51,+12.048, +7.458,+0.957
1623327360,+3.51,+12.039, +6.999,+0.957
1623328260,+3.51,+12.039, +6.711,+0.957
1623329160,+3.51,+12.048, +6.429,+0.957
1623330060,+3.51,+12.057, +6.184,+0.958
1623330960,+3.51,+12.075, +6.235,+0.957
1623331860,+3.50,+12.146, +6.414,+0.957
1623332760,+3.50,+12.288, +5.935,+0.958
1623333660,+3.51,+12.526, +5.242,+0.958
1623334560,+3.51,+12.870, +4.764,+0.958
1623335460,+3.51,+13.579, +6.991,+0.956
1623336360,+3.50,+14.352, +9.307,+0.955
1623337260,+3.50,+14.551, +9.977,+0.955
1623338160,+3.50,+14.456,+10.505,+0.954
1623339060,+3.50,+14.223,+10.803,+0.954
1623339960,+3.51,+13.988,+10.948,+0.954
1623340860,+3.51,+14.058,+11.303,+0.954
1623341760,+3.50,+14.179,+11.466,+0.954
1623342660,+3.50,+14.326,+11.801,+0.953
1623343560,+3.50,+14.370,+12.103,+0.954
1623344460,+3.50,+14.473,+12.358,+0.953
1623345360,+3.50,+14.577,+12.722,+0.954
1623346260,+3.51,+14.698,+13.304,+0.954
1623347160,+3.51,+14.853,+14.161,+0.954
1623348060,+3.51,+14.965,+14.802,+0.953
1623348960,+3.50,+15.274,+15.492,+0.955
1623349860,+3.51,+15.780,+15.988,+0.954
1623350760,+3.50,+16.300,+16.224,+0.955
1623351660,+3.51,+16.920,+15.751,+0.955
1623352560,+3.51,+17.175,+15.896,+0.955
1623353460,+3.50,+17.834,+15.897,+0.954
1623354360,+3.50,+18.407,+15.946,+0.954
1623355260,+3.50,+18.743,+16.015,+0.956
1623356160,+3.50,+18.911,+16.003,+0.955
1623357060,+3.51,+18.995,+16.098,+0.954
1623357960,+3.50,+17.707,+16.624,+0.954
1623358860,+3.50,+17.775,+16.720,+0.954
1623359760,+3.51,+16.768,+17.128,+0.955
1623360660,+3.51,+17.623,+16.736,+0.954
1623361560,+3.51,+16.061,+16.789,+0.954
1623362460,+3.51,+15.180,+16.325,+0.956
1623363360,+3.51,+14.758,+16.116,+0.955
1623364260,+3.51,+14.543,+15.887,+0.955
1623365160,+3.51,+14.171,+15.794,+0.955
1623366060,+3.51,+13.238,+15.856,+0.955
1623366960,+3.51,+12.914,+15.850,+0.956
1623367860,+3.51,+12.615,+15.814,+0.956
1623368760,+3.51,+12.632,+15.678,+0.956
1623369660,+3.51,+12.747,+15.594,+0.956
1623370560,+3.51,+12.773,+15.550,+0.956
1623371460,+3.51,+12.676,+15.591,+0.957
1623372360,+3.51,+12.720,+15.545,+0.955
1623373260,+3.51,+12.756,+15.532,+0.955
1623374160,+3.51,+12.791,+15.546,+0.956
1623375060,+3.51,+12.782,+15.524,+0.956
1623375960,+3.51,+12.808,+15.475,+0.956
1623376860,+3.51,+12.817,+15.434,+0.956
1623377760,+3.51,+12.861,+15.373,+0.956
