7450-914536
OS REV: 1.05 Sensor Cal: 1620327588
Time (sec),  BV (Volts),  T (deg C),  DO (mg/l),  Q ()
1623989760,+3.51,+14.413,+18.458,+0.954
1623990660,+3.51,+14.465,+18.348,+0.953
1623991560,+3.51,+14.508,+18.312,+0.953
1623992460,+3.51,+14.491,+18.270,+0.953
1623993360,+3.51,+14.491,+18.242,+0.954
1623994260,+3.51,+14.534,+18.134,+0.953
1623995160,+3.52,+14.672,+18.032,+0.953
1623996060,+3.51,+14.560,+18.016,+0.953
1623996960,+3.51,+14.448,+17.985,+0.953
1623997860,+3.51,+14.326,+17.984,+0.954
1623998760,+3.51,+14.300,+17.907,+0.954
1623999660,+3.51,+14.292,+17.800,+0.953
1624000560,+3.51,+14.292,+17.679,+0.953
1624001460,+3.51,+14.283,+17.551,+0.953
1624002360,+3.51,+14.257,+17.416,+0.953
1624003260,+3.51,+14.283,+17.241,+0.952
1624004160,+3.51,+14.274,+17.076,+0.953
1624005060,+3.51,+14.292,+16.891,+0.953
1624005960,+3.51,+14.274,+16.684,+0.952
1624006860,+3.51,+14.300,+16.484,+0.953
1624007760,+3.51,+14.283,+16.222,+0.953
1624008660,+3.51,+14.344,+15.923,+0.952
1624009560,+3.51,+14.508,+15.661,+0.953
1624010460,+3.52,+14.646,+15.375,+0.953
1624011360,+3.52,+14.801,+15.083,+0.952
1624012260,+3.51,+15.060,+14.814,+0.952
1624013160,+3.51,+15.446,+14.505,+0.952
1624014060,+3.51,+15.737,+14.228,+0.951
1624014960,+3.51,+16.010,+14.033,+0.952
1624015860,+3.51,+16.215,+13.845,+0.951
1624016760,+3.51,+16.368,+13.705,+0.951
1624017660,+3.51,+16.453,+13.621,+0.952
1624018560,+3.51,+16.470,+13.517,+0.950
1624019460,+3.51,+16.292,+13.501,+0.950
1624020360,+3.51,+16.061,+13.517,+0.950
1624021260,+3.51,+15.882,+13.533,+0.951
1624022160,+3.51,+15.686,+13.536,+0.951
1624023060,+3.51,+15.669,+13.510,+0.951
1624023960,+3.51,+15.617,+13.488,+0.950
1624024860,+3.51,+15.540,+13.480,+0.950
1624025760,+3.51,+15.532,+13.462,+0.951
1624026660,+3.51,+15.532,+13.417,+0.950
1624027560,+3.51,+15.514,+13.390,+0.951
1624028460,+3.51,+15.514,+13.350,+0.950
1624029360,+3.51,+15.472,+13.347,+0.950
1624030260,+3.51,+15.489,+13.345,+0.950
1624031160,+3.51,+15.497,+13.363,+0.950
1624032060,+3.51,+15.574,+13.393,+0.952
1624032960,+3.51,+15.643,+13.417,+0.951
1624033860,+3.52,+15.814,+13.446,+0.951
1624034760,+3.51,+15.985,+13.483,+0.951
1624035660,+3.51,+16.087,+13.495,+0.950
1624036560,+3.51,+16.198,+13.520,+0.951
1624037460,+3.51,+16.181,+13.552,+0.951
1624038360,+3.51,+15.968,+13.620,+0.951
1624039260,+3.52,+15.933,+13.570,+0.949
1624040160,+3.51,+15.942,+13.560,+0.950
1624041060,+3.51,+15.968,+13.562,+0.951
1624041960,+3.51,+16.019,+13.526,+0.951
1624042860,+3.51,+16.053,+13.533,+0.951
1624043760,+3.51,+16.096,+13.516,+0.951
1624044660,+3.51,+16.164,+13.524,+0.951
1624045560,+3.51,+16.206,+13.517,+0.951
1624046460,+3.51,+16.300,+13.546,+0.951
1624047360,+3.51,+16.691,+13.501,+0.951
1624048260,+3.51,+17.005,+13.464,+0.950
1624049160,+3.51,+17.073,+13.496,+0.950
1624050060,+3.51,+17.175,+13.520,+0.950
1624050960,+3.51,+17.285,+13.583,+0.950
1624051860,+3.51,+17.428,+13.601,+0.950
1624052760,+3.51,+17.513,+13.640,+0.950
1624053660,+3.51,+17.606,+13.665,+0.950
1624054560,+3.51,+17.741,+13.725,+0.951
1624055460,+3.51,+17.952,+13.718,+0.950
1624056360,+3.51,+18.112,+13.762,+0.950
1624057260,+3.51,+18.188,+13.815,+0.950
1624058160,+3.51,+18.298,+13.850,+0.950
1624059060,+3.51,+18.390,+13.906,+0.950
1624059960,+3.51,+18.525,+13.979,+0.951
1624060860,+3.51,+18.643,+14.012,+0.950
1624061760,+3.51,+18.735,+14.080,+0.950
1624062660,+3.51,+18.785,+14.154,+0.951
1624063560,+3.51,+18.794,+14.258,+0.950
1624064460,+3.51,+18.777,+14.409,+0.951
1624065360,+3.51,+18.785,+14.518,+0.950
1624066260,+3.51,+18.844,+14.637,+0.950
1624067160,+3.51,+18.911,+14.784,+0.951
1624068060,+3.51,+18.853,+14.978,+0.951
1624068960,+3.51,+18.794,+15.222,+0.951
1624069860,+3.51,+18.819,+15.513,+0.951
1624070760,+3.52,+18.348,+15.975,+0.950
1624071660,+3.51,+17.859,+16.478,+0.950
1624072560,+3.52,+17.454,+16.878,+0.951
1624073460,+3.52,+16.810,+17.219,+0.951
1624074360,+3.52,+16.164,+17.474,+0.951
1624075260,+3.52,+15.771,+17.637,+0.952
1624076160,+3.52,+15.223,+17.811,+0.953
