
Model:	LI-1500 Light Sensor Logger	
Config:	CAL2	
MULT_1:	-195.40
MULT_2:	-202.00
Session Remark:	 	
Software Version:	1.2.0	
Timestamp:	20210901 07:35:04	
DATAH	Record	Date	Time	INPUT1	INPUT2	AVG1.15	AVG2.15	INT1.15	INT2.15	INT1.05	INT2.05	MULT_1	MULT_2	BATT	CHK	
DATA	0000000	2021-09-01	07:40:04.986	0.0013963	83.742	0.0000	0.0000	0.0000	0.0000	0.39626	24022.	-195.40	-202.00	6.30	200
DATA	0000001	2021-09-01	07:45:04.971	0.0015845	83.921	0.0000	0.0000	0.0000	0.0000	0.40091	25674.	-195.40	-202.00	6.28	209
DATA	0000002	2021-09-01	07:50:04.957	0.00045523	0.012729	0.0013544	71.554	1.2187	64437.	0.42152	14741.	-195.40	-202.00	6.25	 52
DATA	0000003	2021-09-01	07:55:04.942	0.00083166	0.0022217	0.0012596	44.861	1.2187	64437.	0.31151	1.9960	-195.40	-202.00	6.24	109
DATA	0000004	2021-09-01	08:00:04.928	0.0013963	0.0000	0.0011445	16.387	1.2187	64437.	0.29711	47.550	-195.40	-202.00	6.20	148
DATA	0000005	2021-09-01	08:05:04.914	0.0013963	0.0000	0.0010401	0.068210	0.93558	61.395	0.32696	11.849	-195.40	-202.00	6.19	 47
DATA	0000006	2021-09-01	08:10:04.899	0.00045523	0.049308	0.0010287	0.072567	0.93558	61.395	0.30197	5.8871	-195.40	-202.00	6.13	237
DATA	0000007	2021-09-01	08:15:04.885	0.00083166	0.093864	0.0010221	0.053006	0.93558	61.395	0.29120	29.923	-195.40	-202.00	6.10	211
DATA	0000008	2021-09-01	08:20:04.871	0.00045523	0.11410	0.0010037	0.076013	0.90376	68.355	0.31059	32.545	-195.40	-202.00	6.14	135
DATA	0000009	2021-09-01	08:25:04.856	0.0017727	0.10418	0.0010374	0.10543	0.90376	68.355	0.33120	32.392	-195.40	-202.00	6.11	 48
DATA	0000010	2021-09-01	08:30:04.842	0.0010199	0.060982	0.0010552	0.10112	0.90376	68.355	0.30776	26.089	-195.40	-202.00	6.09	103
DATA	0000011	2021-09-01	08:35:04.827	0.00045523	6.6791	0.0011109	3.5708	0.99980	3210.5	0.36084	3152.0	-195.40	-202.00	6.07	 12
DATA	0000012	2021-09-01	08:40:04.813	0.0010199	34.850	0.0011791	14.594	0.99980	3210.5	0.39293	9938.9	-195.40	-202.00	6.06	242
DATA	0000013	2021-09-01	08:45:04.799	0.0013963	35.839	0.0013402	26.262	0.99980	3210.5	0.45220	10527.	-195.40	-202.00	6.04	219
DATA	0000014	2021-09-01	08:50:04.784	0.0017727	19.933	0.0014730	32.027	1.3250	28818.	0.47987	8352.3	-195.40	-202.00	6.02	180
DATA	0000015	2021-09-01	08:55:04.770	0.0019609	36.468	0.0015508	29.182	1.3250	28818.	0.46321	7384.0	-195.40	-202.00	6.02	178
DATA	0000016	2021-09-01	09:00:04.755	0.0021491	62.907	0.0016606	35.592	1.3250	28818.	0.55111	16283.	-195.40	-202.00	5.99	174
DATA	0000017	2021-09-01	09:05:04.741	0.0029020	229.80	0.0019544	46.699	1.7584	41924.	0.74412	18257.	-195.40	-202.00	5.98	196
DATA	0000018	2021-09-01	09:10:04.227	0.0027138	743.78	0.0024503	153.96	1.7584	41924.	0.74412	1.0367e+05	-195.40	-202.00	5.97	171
DATA	0000019	2021-09-01	09:15:04.212	0.0038431	657.37	0.0030377	333.86	1.7584	41924.	0.91116	1.7825e+05	-195.40	-202.00	5.97	179
DATA	0000020	2021-09-01	09:20:04.198	0.0038431	563.84	0.0034995	505.19	1.7584	4.5450e+05	1.0791	1.7258e+05	-195.40	-202.00	5.96	123
DATA	0000021	2021-09-01	09:25:04.184	0.0044077	617.00	0.0038587	599.84	3.1503	4.5450e+05	1.1600	1.8908e+05	-195.40	-202.00	5.95	110
DATA	0000022	2021-09-01	09:30:04.169	0.0040313	592.41	0.0039980	605.69	3.1503	4.5450e+05	1.2340	1.8348e+05	-195.40	-202.00	5.94	 94
DATA	0000023	2021-09-01	09:35:04.155	0.0036548	601.67	0.0040329	603.83	3.1503	5.4343e+05	1.2047	1.7086e+05	-195.40	-202.00	5.93	 94
DATA	0000024	2021-09-01	09:40:04.140	0.0036548	556.51	0.0040099	588.39	3.6298	5.4343e+05	1.1911	1.7523e+05	-195.40	-202.00	5.91	113
DATA	0000025	2021-09-01	09:45:04.126	0.0040313	643.05	0.0039648	577.85	3.6298	5.4343e+05	1.2126	1.7394e+05	-195.40	-202.00	5.87	121
DATA	0000026	2021-09-01	09:50:04.112	0.0036548	725.01	0.0039058	575.50	3.6298	5.1789e+05	1.1646	1.6871e+05	-195.40	-202.00	5.86	125
DATA	0000027	2021-09-01	09:55:04.097	0.0042195	575.09	0.0038071	578.23	3.5147	5.1789e+05	1.1376	1.7774e+05	-195.40	-202.00	5.87	142
DATA	0000028	2021-09-01	10:00:04.083	0.0040313	1017.2	0.0037734	589.03	3.5147	5.1789e+05	1.1240	1.8349e+05	-195.40	-202.00	5.89	 91
DATA	0000029	2021-09-01	10:05:04.069	0.0044077	566.16	0.0038673	608.34	3.5147	5.4758e+05	1.1345	1.8635e+05	-195.40	-202.00	5.88	126
DATA	0000030	2021-09-01	10:10:04.054	0.0040313	659.49	0.0039786	627.94	3.4807	5.4758e+05	1.2222	1.9526e+05	-195.40	-202.00	5.87	115
DATA	0000031	2021-09-01	10:15:04.040	0.0044077	672.41	0.0041026	645.46	3.4807	5.4758e+05	1.2245	1.9947e+05	-195.40	-202.00	5.86	102
DATA	0000032	2021-09-01	10:20:04.025	0.0047841	673.17	0.0041950	661.92	3.4807	5.9568e+05	1.2458	2.0094e+05	-195.40	-202.00	5.85	107
DATA	0000033	2021-09-01	10:25:04.011	0.0044077	671.63	0.0042904	669.71	3.7758	5.9568e+05	1.3055	2.0232e+05	-195.40	-202.00	5.84	105
DATA	0000034	2021-09-01	10:30:03.997	0.0036548	649.03	0.0043836	672.31	3.7758	5.9568e+05	1.3100	2.0183e+05	-195.40	-202.00	5.82	116
DATA	0000035	2021-09-01	10:35:03.982	0.0045959	724.32	0.0044474	666.97	3.7758	6.0025e+05	1.3298	1.9610e+05	-195.40	-202.00	5.81	132
DATA	0000036	2021-09-01	10:40:03.968	0.0044077	657.47	0.0045369	667.29	4.0024	6.0025e+05	1.3626	2.0264e+05	-195.40	-202.00	5.82	107
DATA	0000037	2021-09-01	10:45:03.453	0.0034666	515.47	0.0046195	666.33	4.0024	6.0025e+05	1.3911	2.0264e+05	-195.40	-202.00	5.83	 88
DATA	0000038	2021-09-01	10:50:03.439	0.0053488	474.61	0.0046819	666.18	4.0024	6.0025e+05	1.4044	2.0101e+05	-195.40	-202.00	5.81	 84
DATA	0000039	2021-09-01	10:55:03.425	0.0051605	396.04	0.0046946	545.07	4.2141	5.9946e+05	1.4187	1.9581e+05	-195.40	-202.00	5.81	119
DATA	0000040	2021-09-01	11:00:03.410	0.0045959	595.23	0.0047090	462.88	4.2141	5.9946e+05	1.4025	93583.	-195.40	-202.00	5.80	116
DATA	0000041	2021-09-01	11:05:03.396	0.0051605	708.74	0.0046978	454.17	4.2141	5.9946e+05	1.4166	1.2720e+05	-195.40	-202.00	5.80	108
DATA	0000042	2021-09-01	11:10:03.382	0.0053488	627.19	0.0046003	555.14	4.2279	4.0884e+05	1.4088	1.8806e+05	-195.40	-202.00	5.79	113
DATA	0000043	2021-09-01	11:15:03.367	0.0038431	674.11	0.0044253	644.34	4.2279	4.0884e+05	1.3140	1.8446e+05	-195.40	-202.00	5.74	 96
DATA	0000044	2021-09-01	11:20:03.353	0.0042195	568.71	0.0041795	674.02	4.2279	4.0884e+05	1.2594	2.0731e+05	-195.40	-202.00	5.76	108
DATA	0000045	2021-09-01	11:25:03.338	0.0044077	709.09	0.0039947	702.20	3.7612	6.0663e+05	1.1877	2.1487e+05	-195.40	-202.00	5.76	118
DATA	0000046	2021-09-01	11:30:03.324	0.0036548	598.34	0.0038592	709.23	3.7612	6.0663e+05	1.1487	2.0992e+05	-195.40	-202.00	5.74	118
DATA	0000047	2021-09-01	11:35:03.310	0.0010199	568.16	0.0037757	705.24	3.7612	6.0663e+05	1.1369	2.1354e+05	-195.40	-202.00	5.76	103
DATA	0000048	2021-09-01	11:40:03.295	0.0029020	693.50	0.0036774	706.01	3.3982	6.3465e+05	1.1125	2.1119e+05	-195.40	-202.00	5.76	 94
DATA	0000049	2021-09-01	11:45:03.281	0.0038431	573.69	0.0036074	695.16	3.3982	6.3465e+05	1.0593	2.1060e+05	-195.40	-202.00	5.75	116
DATA	0000050	2021-09-01	11:50:03.266	0.0034666	626.69	0.0035241	688.21	3.3982	6.3465e+05	1.0748	2.0388e+05	-195.40	-202.00	5.74	118
DATA	0000051	2021-09-01	11:55:03.252	0.0042195	580.79	0.0034514	677.46	3.1714	6.1954e+05	1.0373	2.0506e+05	-195.40	-202.00	5.74	100
DATA	0000052	2021-09-01	12:00:03.238	0.0025256	737.28	0.0033156	676.61	3.1714	6.1954e+05	0.99435	2.0081e+05	-195.40	-202.00	5.72	150
DATA	0000053	2021-09-01	12:05:03.223	0.0042195	737.26	0.0032090	672.71	3.1714	6.1954e+05	0.95228	2.0300e+05	-195.40	-202.00	5.73	133
DATA	0000054	2021-09-01	12:10:03.209	0.0038431	595.95	0.0031657	669.31	2.8878	6.0536e+05	0.94118	2.0154e+05	-195.40	-202.00	5.70	163
DATA	0000055	2021-09-01	12:15:03.195	0.0030902	637.23	0.0031814	666.92	2.8878	6.0536e+05	0.95548	1.9777e+05	-195.40	-202.00	5.71	183
DATA	0000056	2021-09-01	12:20:02.680	0.0030902	634.04	0.0032272	666.74	2.8878	6.0536e+05	0.96621	2.0096e+05	-195.40	-202.00	5.72	153
DATA	0000057	2021-09-01	12:25:02.666	0.0030902	691.85	0.0031789	669.14	2.9033	6.0007e+05	0.98164	2.0133e+05	-195.40	-202.00	5.71	156
DATA	0000058	2021-09-01	12:30:02.651	0.0034666	767.81	0.0031032	664.71	2.9033	6.0007e+05	0.91219	2.0000e+05	-195.40	-202.00	5.71	124
DATA	0000059	2021-09-01	12:35:02.637	0.0017727	637.90	0.0029942	654.61	2.9033	6.0007e+05	0.89874	1.9686e+05	-195.40	-202.00	5.70	185
DATA	0000060	2021-09-01	12:40:02.623	0.0023374	708.31	0.0029265	641.83	2.6941	5.8904e+05	0.88321	1.9219e+05	-195.40	-202.00	5.70	151
DATA	0000061	2021-09-01	12:45:02.608	0.0021491	615.70	0.0028713	630.56	2.6941	5.8904e+05	0.85168	1.8858e+05	-195.40	-202.00	5.69	175
DATA	0000062	2021-09-01	12:50:02.594	0.0032784	659.07	0.0028137	622.40	2.6941	5.8904e+05	0.84858	1.8673e+05	-195.40	-202.00	5.68	184
DATA	0000063	2021-09-01	12:55:02.580	0.0019609	525.65	0.0027744	611.81	2.5328	5.6020e+05	0.83258	1.8489e+05	-195.40	-202.00	5.68	171
DATA	0000064	2021-09-01	13:00:02.565	0.0021491	573.86	0.0026879	597.92	2.5328	5.6020e+05	0.81432	1.7894e+05	-195.40	-202.00	5.68	178
DATA	0000065	2021-09-01	13:05:02.551	0.0038431	555.90	0.0026439	585.68	2.5328	5.6020e+05	0.77245	1.7432e+05	-195.40	-202.00	5.69	164
DATA	0000066	2021-09-01	13:10:02.536	0.0034666	596.71	0.0026379	574.38	2.3792	5.2714e+05	0.79240	1.7388e+05	-195.40	-202.00	5.68	187
DATA	0000067	2021-09-01	13:15:02.522	0.0019609	557.48	0.0027178	564.81	2.3792	5.2714e+05	0.81028	1.6874e+05	-195.40	-202.00	5.68	180
DATA	0000068	2021-09-01	13:20:02.508	0.0017727	571.55	0.0027464	549.81	2.3792	5.2714e+05	0.84227	1.6568e+05	-195.40	-202.00	5.67	178
DATA	0000069	2021-09-01	13:25:02.493	0.0021491	529.99	0.0027372	540.16	2.4713	4.9479e+05	0.81875	1.6037e+05	-195.40	-202.00	5.67	183
DATA	0000070	2021-09-01	13:30:02.479	0.0023374	505.04	0.0026684	530.05	2.4713	4.9479e+05	0.80247	1.6009e+05	-195.40	-202.00	5.66	149
DATA	0000071	2021-09-01	13:35:02.464	0.0021491	518.08	0.0026134	519.58	2.4713	4.9479e+05	0.78045	1.5655e+05	-195.40	-202.00	5.65	168
DATA	0000072	2021-09-01	13:40:02.450	0.0034666	442.46	0.0025841	509.04	2.3523	4.6758e+05	0.76943	1.5093e+05	-195.40	-202.00	5.64	155
DATA	0000073	2021-09-01	13:45:02.436	0.0021491	475.86	0.0025538	482.66	2.3523	4.6758e+05	0.77612	1.5065e+05	-195.40	-202.00	5.67	174
DATA	0000074	2021-09-01	13:50:02.421	0.0023374	468.73	0.0025548	467.32	2.3523	4.6758e+05	0.75457	1.3281e+05	-195.40	-202.00	5.62	160

Model:	LI-1500 Light Sensor Logger	
Config:	CAL2	
MULT_1:	-195.40
MULT_2:	-202.00
Session Remark:	 	
Software Version:	1.2.0	
Timestamp:	20210901 15:53:31	
DATAH	Record	Date	Time	INPUT1	INPUT2	AVG1.15	AVG2.15	INT1.15	INT2.15	INT1.05	INT2.05	MULT_1	MULT_2	BATT	CHK	

Model:	LI-1500 Light Sensor Logger	
Config:	CAL2	
MULT_1:	-195.40
MULT_2:	-202.00
Session Remark:	 	
Software Version:	1.2.0	
Timestamp:	20210901 15:55:17	
DATAH	Record	Date	Time	INPUT1	INPUT2	AVG1.15	AVG2.15	INT1.15	INT2.15	INT1.05	INT2.05	MULT_1	MULT_2	BATT	CHK	

Model:	LI-1500 Light Sensor Logger	
Config:	CAL2	
MULT_1:	-195.40
MULT_2:	-202.00
Session Remark:	 	
Software Version:	1.2.0	
Timestamp:	20210902 09:25:02	
DATAH	Record	Date	Time	INPUT1	INPUT2	AVG1.15	AVG2.15	INT1.15	INT2.15	INT1.05	INT2.05	MULT_1	MULT_2	BATT	CHK	
DATA	0000000	2021-09-02	09:30:01.986	0.0015280	661.62	0.0000	0.0000	0.0000	0.0000	0.48116	1.9664e+05	-195.40	-202.00	5.78	200
DATA	0000001	2021-09-02	09:35:01.971	0.0020927	344.43	0.0000	0.0000	0.0000	0.0000	0.54433	1.3038e+05	-195.40	-202.00	5.76	187
DATA	0000002	2021-09-02	09:40:01.957	0.0019044	53.986	0.0017533	465.41	1.5773	4.1916e+05	0.55185	92142.	-195.40	-202.00	5.73	175
DATA	0000003	2021-09-02	09:45:01.942	0.0028455	270.20	0.0018817	298.13	1.5773	4.1916e+05	0.59665	45993.	-195.40	-202.00	5.70	186
DATA	0000004	2021-09-02	09:50:01.928	0.0022809	104.13	0.0020042	206.67	1.5773	4.1916e+05	0.65518	47986.	-195.40	-202.00	5.69	169
DATA	0000005	2021-09-02	09:55:01.914	0.0020927	232.80	0.0021512	168.25	1.9360	1.5133e+05	0.68417	57354.	-195.40	-202.00	5.71	151
DATA	0000006	2021-09-02	10:00:01.899	0.0022809	246.52	0.0022857	196.53	1.9360	1.5133e+05	0.71804	71551.	-195.40	-202.00	5.70	154
DATA	0000007	2021-09-02	10:05:01.885	0.0030337	247.57	0.0024245	227.11	1.9360	1.5133e+05	0.77950	75420.	-195.40	-202.00	5.69	153
DATA	0000008	2021-09-02	10:10:01.871	0.0030337	260.63	0.0025851	248.41	2.3262	2.2356e+05	0.82862	76588.	-195.40	-202.00	5.69	162
DATA	0000009	2021-09-02	10:15:01.856	0.0037866	263.64	0.0029601	256.12	2.3262	2.2356e+05	1.0552	78495.	-195.40	-202.00	5.68	120
DATA	0000010	2021-09-02	10:20:01.842	0.0041630	269.14	0.0034934	261.55	2.3262	2.2356e+05	1.2596	80297.	-195.40	-202.00	5.67	 98
DATA	0000011	2021-09-02	10:25:01.827	0.0047276	281.72	0.0041339	268.91	3.7197	2.4201e+05	1.4048	83218.	-195.40	-202.00	5.65	112
DATA	0000012	2021-09-02	10:30:01.813	0.0051040	51.545	0.0046113	305.93	3.7197	2.4201e+05	1.4851	1.1192e+05	-195.40	-202.00	5.63	 58
DATA	0000013	2021-09-02	10:35:01.799	0.0056687	1041.5	0.0048447	566.65	3.7197	2.4201e+05	1.4696	3.1446e+05	-195.40	-202.00	5.65	123
DATA	0000014	2021-09-02	10:40:01.784	0.0045394	1064.6	0.0049213	823.57	4.4292	7.4082e+05	1.4746	3.1444e+05	-195.40	-202.00	5.63	100
DATA	0000015	2021-09-02	10:45:01.770	0.0041630	1052.9	0.0049219	1048.5	4.4292	7.4082e+05	1.4860	3.1428e+05	-195.40	-202.00	5.62	 87
DATA	0000016	2021-09-02	10:50:01.755	0.0054805	1008.1	0.0049422	1040.6	4.4292	7.4082e+05	1.4875	3.0787e+05	-195.40	-202.00	5.63	 91
DATA	0000017	2021-09-02	10:55:01.741	0.0054805	985.24	0.0049353	1025.0	4.4413	9.2255e+05	1.4678	3.0040e+05	-195.40	-202.00	5.63	 90
DATA	0000018	2021-09-02	11:00:01.227	0.0047276	972.93	0.0049602	1002.7	4.4413	9.2255e+05	1.4678	2.9416e+05	-195.40	-202.00	5.63	101
DATA	0000019	2021-09-02	11:05:01.212	0.0060451	973.36	0.0050292	984.68	4.4413	9.2255e+05	1.5091	2.9167e+05	-195.40	-202.00	5.62	103
DATA	0000020	2021-09-02	11:10:01.198	0.0049158	971.55	0.0050467	976.46	4.4413	8.7882e+05	1.5494	2.9299e+05	-195.40	-202.00	5.61	137
DATA	0000021	2021-09-02	11:15:01.184	0.0051040	972.19	0.0049796	972.46	4.5415	8.7882e+05	1.4830	2.9055e+05	-195.40	-202.00	5.59	124
DATA	0000022	2021-09-02	11:20:01.169	0.0051040	956.06	0.0048169	967.98	4.5415	8.7882e+05	1.4491	2.8765e+05	-195.40	-202.00	5.58	135
DATA	0000023	2021-09-02	11:25:01.155	0.0045394	776.78	0.0046887	950.21	4.5415	8.5529e+05	1.4031	2.7709e+05	-195.40	-202.00	5.61	120
DATA	0000024	2021-09-02	11:30:01.140	0.0049158	826.38	0.0045802	930.74	4.2198	8.5529e+05	1.3676	2.7300e+05	-195.40	-202.00	5.60	102
DATA	0000025	2021-09-02	11:35:01.126	0.0045394	639.16	0.0044869	885.30	4.2198	8.5529e+05	1.3520	2.4683e+05	-195.40	-202.00	5.60	120
DATA	0000026	2021-09-02	11:40:01.112	0.0054805	865.47	0.0044012	862.39	4.2198	7.7610e+05	1.3185	2.5627e+05	-195.40	-202.00	5.60	 96
DATA	0000027	2021-09-02	11:45:01.097	0.0043512	710.88	0.0042734	831.06	3.9610	7.7610e+05	1.2904	2.4490e+05	-195.40	-202.00	5.59	 98
DATA	0000028	2021-09-02	11:50:01.083	0.0047276	729.99	0.0041607	805.36	3.9610	7.7610e+05	1.2368	2.2360e+05	-195.40	-202.00	5.59	113
DATA	0000029	2021-09-02	11:55:01.069	0.0030337	515.45	0.0040530	759.97	3.9610	6.8415e+05	1.2168	2.1564e+05	-195.40	-202.00	5.58	111
DATA	0000030	2021-09-02	12:00:01.054	0.0039748	868.37	0.0039917	726.85	3.6471	6.8415e+05	1.1936	2.1484e+05	-195.40	-202.00	5.58	128
DATA	0000031	2021-09-02	12:05:01.040	0.0032219	655.90	0.0039229	715.69	3.6471	6.8415e+05	1.1821	2.1368e+05	-195.40	-202.00	5.56	 96
DATA	0000032	2021-09-02	12:10:01.025	0.0032219	723.57	0.0038234	709.25	3.6471	6.3823e+05	1.1552	2.0971e+05	-195.40	-202.00	5.57	 84
DATA	0000033	2021-09-02	12:15:01.011	0.0030337	820.33	0.0037188	701.81	3.4415	6.3823e+05	1.1043	2.0827e+05	-195.40	-202.00	5.57	 68
DATA	0000034	2021-09-02	12:20:00.997	0.0024691	619.67	0.0035891	692.13	3.4415	6.3823e+05	1.0868	2.0496e+05	-195.40	-202.00	5.55	123
DATA	0000035	2021-09-02	12:25:00.982	0.0039748	737.32	0.0035134	681.69	3.4415	6.1352e+05	1.0389	2.0028e+05	-195.40	-202.00	5.57	110
DATA	0000036	2021-09-02	12:30:00.968	0.0030337	639.63	0.0034434	677.25	3.1617	6.1352e+05	1.0360	2.0437e+05	-195.40	-202.00	5.57	 94
DATA	0000037	2021-09-02	12:35:00.453	0.0030337	754.95	0.0034208	677.23	3.1617	6.1352e+05	1.0245	2.0437e+05	-195.40	-202.00	5.56	 90
DATA	0000038	2021-09-02	12:40:00.439	0.0037866	822.62	0.0034060	677.49	3.1617	6.1352e+05	1.0181	2.0491e+05	-195.40	-202.00	5.56	 98
DATA	0000039	2021-09-02	12:45:00.425	0.0032219	646.87	0.0033336	675.75	3.0658	6.0974e+05	1.0233	2.0046e+05	-195.40	-202.00	5.55	105
DATA	0000040	2021-09-02	12:50:00.410	0.0032219	639.53	0.0032180	663.87	3.0658	6.0974e+05	0.95839	2.0279e+05	-195.40	-202.00	5.53	157
DATA	0000041	2021-09-02	12:55:00.396	0.0030337	627.12	0.0030559	664.86	3.0658	6.0974e+05	0.91444	1.9421e+05	-195.40	-202.00	5.53	160
DATA	0000042	2021-09-02	13:00:00.382	0.0020927	622.66	0.0029333	653.03	2.7499	5.9831e+05	0.87708	2.0130e+05	-195.40	-202.00	5.52	145
DATA	0000043	2021-09-02	13:05:00.367	0.0024691	817.58	0.0028451	649.54	2.7499	5.9831e+05	0.84876	1.9222e+05	-195.40	-202.00	5.52	187
DATA	0000044	2021-09-02	13:10:00.353	0.0022809	615.35	0.0027472	639.33	2.7499	5.9831e+05	0.83426	1.9103e+05	-195.40	-202.00	5.54	157
DATA	0000045	2021-09-02	13:15:00.338	0.0022809	706.25	0.0026995	633.56	2.4718	5.7541e+05	0.78881	1.9216e+05	-195.40	-202.00	5.53	174
DATA	0000046	2021-09-02	13:20:00.324	0.0034101	536.20	0.0026797	628.64	2.4718	5.7541e+05	0.80594	1.8701e+05	-195.40	-202.00	5.53	145
DATA	0000047	2021-09-02	13:25:00.310	0.0026573	743.01	0.0026983	613.48	2.4718	5.7541e+05	0.81723	1.8658e+05	-195.40	-202.00	5.52	157
DATA	0000048	2021-09-02	13:30:00.295	0.0034101	697.57	0.0026686	600.33	2.4284	5.5214e+05	0.80528	1.7855e+05	-195.40	-202.00	5.52	154
DATA	0000049	2021-09-02	13:35:00.281	0.0017162	579.31	0.0025889	588.23	2.4284	5.5214e+05	0.77968	1.7520e+05	-195.40	-202.00	5.52	175
DATA	0000050	2021-09-02	13:40:00.266	0.0028455	620.70	0.0025140	579.34	2.4284	5.5214e+05	0.74515	1.7564e+05	-195.40	-202.00	5.51	137
DATA	0000051	2021-09-02	13:45:00.252	0.0017162	515.45	0.0024212	565.16	2.2628	5.2138e+05	0.73799	1.7055e+05	-195.40	-202.00	5.51	140
DATA	0000052	2021-09-02	13:50:00.238	0.0024691	559.66	0.0023779	547.69	2.2628	5.2138e+05	0.69518	1.6242e+05	-195.40	-202.00	5.49	180
DATA	0000053	2021-09-02	13:55:00.223	0.0024691	494.77	0.0023484	528.86	2.2628	5.2138e+05	0.70675	1.5996e+05	-195.40	-202.00	5.47	180
DATA	0000054	2021-09-02	14:00:00.209	0.0026573	445.59	0.0023536	514.77	2.1139	4.7592e+05	0.71193	1.5354e+05	-195.40	-202.00	5.51	149
DATA	0000055	2021-09-02	14:05:00.195	0.0034101	428.56	0.0023147	496.03	2.1139	4.7592e+05	0.69988	1.4971e+05	-195.40	-202.00	5.50	161
DATA	0000056	2021-09-02	14:09:59.680	0.0030337	439.50	0.0022794	480.47	2.1139	4.7592e+05	0.67184	1.4314e+05	-195.40	-202.00	5.50	167
DATA	0000057	2021-09-02	14:14:59.666	0.0022809	473.96	0.0022248	463.29	2.0517	4.3240e+05	0.68003	1.3955e+05	-195.40	-202.00	5.49	170
DATA	0000058	2021-09-02	14:19:59.651	0.0024691	441.37	0.0021964	449.80	2.0517	4.3240e+05	0.64963	1.3428e+05	-195.40	-202.00	5.48	171
DATA	0000059	2021-09-02	14:24:59.637	0.0022809	488.65	0.0021627	440.12	2.0517	4.3240e+05	0.64518	1.3097e+05	-195.40	-202.00	5.47	162
DATA	0000060	2021-09-02	14:29:59.623	0.0017162	426.61	0.0021698	434.10	1.9448	3.9613e+05	0.65001	1.3089e+05	-195.40	-202.00	5.48	157
DATA	0000061	2021-09-02	14:34:59.608	0.0019044	366.26	0.0021845	428.79	1.9448	3.9613e+05	0.65772	1.2882e+05	-195.40	-202.00	5.47	188
DATA	0000062	2021-09-02	14:39:59.594	0.0011516	402.58	0.0022008	413.24	1.9448	3.9613e+05	0.65706	1.2620e+05	-195.40	-202.00	5.47	153
DATA	0000063	2021-09-02	14:44:59.580	0.0022809	332.06	0.0022142	395.67	1.9811	3.7187e+05	0.66629	1.1685e+05	-195.40	-202.00	5.48	176
DATA	0000064	2021-09-02	14:49:59.565	0.0024691	326.87	0.0021937	377.91	1.9811	3.7187e+05	0.66967	1.1301e+05	-195.40	-202.00	5.47	195
DATA	0000065	2021-09-02	14:54:59.551	0.0019044	325.67	0.0021479	368.63	1.9811	3.7187e+05	0.64031	1.1025e+05	-195.40	-202.00	5.47	163
DATA	0000066	2021-09-02	14:59:59.536	0.0026573	347.22	0.0021148	360.93	1.9336	3.3177e+05	0.62366	1.0851e+05	-195.40	-202.00	5.47	172
DATA	0000067	2021-09-02	15:04:59.522	0.0022809	327.55	0.0020849	351.52	1.9336	3.3177e+05	0.63956	1.0607e+05	-195.40	-202.00	5.47	168
DATA	0000068	2021-09-02	15:09:59.508	0.0030337	323.09	0.0020991	339.49	1.9336	3.3177e+05	0.61208	1.0177e+05	-195.40	-202.00	5.46	167
DATA	0000069	2021-09-02	15:14:59.493	0.00077518	352.38	0.0020705	325.96	1.8891	3.0551e+05	0.63749	97671.	-195.40	-202.00	5.45	255
DATA	0000070	2021-09-02	15:19:59.479	0.0019044	270.24	0.0020617	314.42	1.8891	3.0551e+05	0.61293	93930.	-195.40	-202.00	5.43	167
DATA	0000071	2021-09-02	15:24:59.464	0.0019044	316.48	0.0020322	301.90	1.8891	3.0551e+05	0.60634	91344.	-195.40	-202.00	5.41	150
DATA	0000072	2021-09-02	15:29:59.450	0.0015280	278.47	0.0020395	289.80	1.8295	2.7169e+05	0.61020	86419.	-195.40	-202.00	5.46	190
DATA	0000073	2021-09-02	15:34:59.436	0.0030337	245.34	0.0020780	276.55	1.8295	2.7169e+05	0.61895	83020.	-195.40	-202.00	5.45	181
DATA	0000074	2021-09-02	15:39:59.421	0.0019044	255.18	0.0021102	265.16	1.8295	2.7169e+05	0.63975	79448.	-195.40	-202.00	5.45	190
DATA	0000075	2021-09-02	15:44:58.907	0.0024691	231.45	0.0021533	253.53	1.8990	2.3864e+05	0.64031	76172.	-195.40	-202.00	5.45	174
DATA	0000076	2021-09-02	15:49:58.893	0.0024691	235.95	0.0021782	242.23	1.8990	2.3864e+05	0.65913	72510.	-195.40	-202.00	5.44	195
DATA	0000077	2021-09-02	15:54:58.878	0.0026573	208.07	0.0022219	231.89	1.8990	2.3864e+05	0.66149	69300.	-195.40	-202.00	5.44	200
DATA	0000078	2021-09-02	15:59:58.864	0.0022809	228.52	0.0022608	222.58	1.9986	2.0863e+05	0.67796	66824.	-195.40	-202.00	5.41	215
DATA	0000079	2021-09-02	16:04:58.849	0.0026573	197.79	0.0022972	213.97	1.9986	2.0863e+05	0.69480	64163.	-195.40	-202.00	5.42	220
DATA	0000080	2021-09-02	16:09:58.835	0.0020927	199.71	0.0022972	205.69	1.9986	2.0863e+05	0.69574	61536.	-195.40	-202.00	5.42	208
DATA	0000081	2021-09-02	16:14:58.821	0.0011516	188.32	0.0022997	199.81	2.0680	1.8509e+05	0.67749	59387.	-195.40	-202.00	5.43	203
DATA	0000082	2021-09-02	16:19:58.806	0.0022809	178.57	0.0023051	195.57	2.0680	1.8509e+05	0.69734	58880.	-195.40	-202.00	5.44	200
DATA	0000083	2021-09-02	16:24:58.792	0.0024691	181.56	0.0023620	191.13	2.0680	1.8509e+05	0.69828	57717.	-195.40	-202.00	5.43	186
DATA	0000084	2021-09-02	16:29:58.777	0.0020927	186.82	0.0023990	186.62	2.1255	1.7201e+05	0.72990	55417.	-195.40	-202.00	5.43	191
DATA	0000085	2021-09-02	16:34:58.763	0.0028455	161.42	0.0024394	181.58	2.1255	1.7201e+05	0.73113	54808.	-195.40	-202.00	5.43	166
DATA	0000086	2021-09-02	16:39:58.749	0.0022809	170.81	0.0024463	177.97	2.1255	1.7201e+05	0.73574	53178.	-195.40	-202.00	5.42	190
DATA	0000087	2021-09-02	16:44:58.734	0.0032219	182.56	0.0024438	174.49	2.2018	1.6013e+05	0.73498	52148.	-195.40	-202.00	5.42	177
DATA	0000088	2021-09-02	16:49:58.720	0.0019044	176.56	0.0024478	172.54	2.2018	1.6013e+05	0.72840	51674.	-195.40	-202.00	5.40	171
DATA	0000089	2021-09-02	16:54:58.706	0.0030337	157.85	0.0024547	171.23	2.2018	1.6013e+05	0.73997	51462.	-195.40	-202.00	5.40	172
DATA	0000090	2021-09-02	16:59:58.691	0.0015280	175.63	0.0024833	170.44	2.2105	1.5410e+05	0.74214	50962.	-195.40	-202.00	5.41	153
DATA	0000091	2021-09-02	17:04:58.677	0.0026573	158.96	0.0025019	168.03	2.2105	1.5410e+05	0.75211	50988.	-195.40	-202.00	5.43	170
DATA	0000092	2021-09-02	17:09:58.662	0.0032219	162.07	0.0025297	163.83	2.2105	1.5410e+05	0.75597	49270.	-195.40	-202.00	5.42	170
DATA	0000093	2021-09-02	17:14:58.648	0.0024691	142.76	0.0025293	156.52	2.2770	1.4745e+05	0.76896	47189.	-195.40	-202.00	5.42	202
DATA	0000094	2021-09-02	17:19:58.134	0.0028455	138.40	0.0025222	147.36	2.2770	1.4745e+05	0.75202	44355.	-195.40	-202.00	5.41	161
DATA	0000095	2021-09-02	17:24:58.119	0.0024691	120.20	0.0025019	137.35	2.2770	1.4745e+05	0.75004	41047.	-195.40	-202.00	5.41	145
DATA	0000096	2021-09-02	17:29:58.105	0.0030337	117.59	0.0025197	127.42	2.2506	1.2356e+05	0.74854	38161.	-195.40	-202.00	5.41	170
DATA	0000097	2021-09-02	17:34:58.091	0.0034101	91.100	0.0025358	119.11	2.2506	1.2356e+05	0.76961	35439.	-195.40	-202.00	5.38	160
DATA	0000098	2021-09-02	17:39:58.076	0.0034101	84.113	0.0025488	107.70	2.2506	1.2356e+05	0.76303	33526.	-195.40	-202.00	5.43	162
DATA	0000099	2021-09-02	17:44:58.062	0.0030337	80.061	0.0025427	96.399	2.2935	96877.	0.76086	27913.	-195.40	-202.00	5.41	219
DATA	0000100	2021-09-02	17:49:58.047	0.0022809	73.823	0.0025552	86.600	2.2935	96877.	0.76387	25262.	-195.40	-202.00	5.38	211
DATA	0000101	2021-09-02	17:54:58.033	0.0028455	74.729	0.0025634	81.844	2.2935	96877.	0.77677	24741.	-195.40	-202.00	5.41	216
DATA	0000102	2021-09-02	17:59:58.019	0.0028455	70.803	0.0025655	78.279	2.3072	73643.	0.76651	23640.	-195.40	-202.00	5.41	193
DATA	0000103	2021-09-02	18:04:58.004	0.0022809	60.088	0.0025828	73.299	2.3072	73643.	0.76651	22053.	-195.40	-202.00	5.41	176
DATA	0000104	2021-09-02	18:09:57.990	0.0037866	49.928	0.0026347	65.117	2.3072	73643.	0.79145	20251.	-195.40	-202.00	5.41	200
DATA	0000105	2021-09-02	18:14:57.975	0.0022809	48.325	0.0027426	57.113	2.3734	58571.	0.81544	16267.	-195.40	-202.00	5.40	192
DATA	0000106	2021-09-02	18:19:57.961	0.0024691	42.020	0.0028175	49.823	2.3734	58571.	0.86221	14848.	-195.40	-202.00	5.40	191
DATA	0000107	2021-09-02	18:24:57.947	0.0024691	46.069	0.0028946	44.993	2.3734	58571.	0.85779	13692.	-195.40	-202.00	5.41	232
DATA	0000108	2021-09-02	18:29:57.932	0.0022809	37.680	0.0029369	41.678	2.6023	40482.	0.88226	11942.	-195.40	-202.00	5.36	203
DATA	0000109	2021-09-02	18:34:57.918	0.0026573	36.609	0.0030122	39.356	2.6023	40482.	0.90296	11864.	-195.40	-202.00	5.37	189
DATA	0000110	2021-09-02	18:39:57.904	0.0026573	37.298	0.0030530	38.263	2.6023	40482.	0.92489	11610.	-195.40	-202.00	5.40	174
DATA	0000111	2021-09-02	18:44:57.889	0.0032219	31.596	0.0030734	36.079	2.7493	34425.	0.92150	10951.	-195.40	-202.00	5.40	185
DATA	0000112	2021-09-02	18:49:57.875	0.0032219	23.840	0.0030680	32.404	2.7493	34425.	0.92112	9898.5	-195.40	-202.00	5.40	188
DATA	0000113	2021-09-02	18:54:57.360	0.0037866	22.330	0.0030734	27.061	2.7493	34425.	0.91915	8293.6	-195.40	-202.00	5.39	190
DATA	0000114	2021-09-02	18:59:57.346	0.0032219	17.817	0.0029898	22.481	2.7672	24321.	0.92696	6129.4	-195.40	-202.00	5.39	215
DATA	0000115	2021-09-02	19:04:57.332	0.0030337	13.817	0.0028892	18.615	2.7672	24321.	0.84274	5775.2	-195.40	-202.00	5.38	190
DATA	0000116	2021-09-02	19:09:57.317	0.0037866	11.431	0.0027328	15.861	2.7672	24321.	0.83078	4825.0	-195.40	-202.00	5.36	188
DATA	0000117	2021-09-02	19:14:57.303	0.0024691	11.853	0.0026339	12.878	2.4562	14245.	0.78270	3645.0	-195.40	-202.00	5.38	184
DATA	0000118	2021-09-02	19:19:57.288	0.0024691	8.0421	0.0024641	10.806	2.4562	14245.	0.75540	3104.7	-195.40	-202.00	5.38	176
DATA	0000119	2021-09-02	19:24:57.274	0.0024691	7.0152	0.0023392	9.2074	2.4562	14245.	0.67909	2962.3	-195.40	-202.00	5.36	192
DATA	0000120	2021-09-02	19:29:57.260	0.0015280	6.0684	0.0022020	7.9536	2.1048	8276.6	0.67033	2209.6	-195.40	-202.00	5.38	178
DATA	0000121	2021-09-02	19:34:57.245	0.0022809	4.9549	0.0021405	6.5052	2.1048	8276.6	0.63354	1972.7	-195.40	-202.00	5.37	192
DATA	0000122	2021-09-02	19:39:57.231	0.0020927	3.2954	0.0020628	5.3534	2.1048	8276.6	0.62300	1663.9	-195.40	-202.00	5.37	181
DATA	0000123	2021-09-02	19:44:57.217	0.0024691	2.2238	0.0019843	4.0327	1.8576	4808.6	0.60107	1172.0	-195.40	-202.00	5.36	178
DATA	0000124	2021-09-02	19:49:57.202	0.0013398	1.2889	0.0018804	2.7715	1.8576	4808.6	0.55966	784.04	-195.40	-202.00	5.36	222
DATA	0000125	2021-09-02	19:54:57.188	0.0015280	0.69367	0.0017359	1.7871	1.8576	4808.6	0.52927	529.29	-195.40	-202.00	5.35	 22
DATA	0000126	2021-09-02	19:59:57.173	0.0013398	0.32106	0.0016284	1.0968	1.5590	1601.9	0.47008	288.54	-195.40	-202.00	5.32	238
DATA	0000127	2021-09-02	20:04:57.159	0.0013398	0.13758	0.0015271	0.56640	1.5590	1601.9	0.46601	164.43	-195.40	-202.00	5.31	  9
DATA	0000128	2021-09-02	20:09:57.145	0.00039875	0.057032	0.0014254	0.27624	1.5590	1601.9	0.43745	53.926	-195.40	-202.00	5.32	121
DATA	0000129	2021-09-02	20:14:57.130	0.00058697	0.025317	0.0012609	0.10571	1.2831	247.02	0.37968	28.664	-195.40	-202.00	5.33	116
DATA	0000130	2021-09-02	20:19:57.116	0.0015280	0.0089732	0.0011003	0.050691	1.2831	247.02	0.31576	11.818	-195.40	-202.00	5.34	134
DATA	0000131	2021-09-02	20:24:57.102	0.0015280	0.0039145	0.00098648	0.020783	1.2831	247.02	0.29319	4.8187	-195.40	-202.00	5.33	206
DATA	0000132	2021-09-02	20:29:56.587	0.0011516	0.0021633	0.00092543	0.0085014	0.88785	18.573	0.27889	1.9366	-195.40	-202.00	5.32	 81
DATA	0000133	2021-09-02	20:34:56.573	0.00077518	0.0015796	0.00085018	0.0035686	0.88785	18.573	0.26062	0.83669	-195.40	-202.00	5.31	193
DATA	0000134	2021-09-02	20:39:56.558	0.0011516	0.00041222	0.00077164	0.0016777	0.88785	18.573	0.22368	0.41742	-195.40	-202.00	5.30	164
DATA	0000135	2021-09-02	20:44:56.544	2.2332e-05	0.00099593	0.00064420	0.00089692	0.69363	1.5015	0.20933	0.24742	-195.40	-202.00	5.26	 51
DATA	0000136	2021-09-02	20:49:56.530	0.0000	0.00041222	0.00055904	0.00056128	0.69363	1.5015	0.14695	0.13907	-195.40	-202.00	5.27	 30
DATA	0000137	2021-09-02	20:54:56.515	0.0000	0.00021765	0.00047430	0.00039681	0.69363	1.5015	0.14601	0.11592	-195.40	-202.00	5.29	 27
DATA	0000138	2021-09-02	20:59:56.501	0.00096339	0.00021765	0.00043381	0.00031853	0.42390	0.35564	0.13094	0.10065	-195.40	-202.00	5.28	 36
DATA	0000139	2021-09-02	21:04:56.486	0.00058697	0.00099593	0.00041500	0.00028702	0.42390	0.35564	0.11265	0.069999	-195.40	-202.00	5.29	126
DATA	0000140	2021-09-02	21:09:56.472	0.00021054	0.0000	0.00041430	0.00025861	0.42390	0.35564	0.13123	0.087594	-195.40	-202.00	5.28	114
DATA	0000141	2021-09-02	21:14:56.458	0.00077518	0.00041222	0.00044565	0.00025896	0.37270	0.23198	0.12882	0.074391	-195.40	-202.00	5.27	100
DATA	0000142	2021-09-02	21:19:56.443	0.00021054	0.0000	0.00043607	0.00024577	0.37270	0.23198	0.14047	0.070710	-195.40	-202.00	5.27	114
DATA	0000143	2021-09-02	21:24:56.429	0.00021054	0.00099593	0.00041444	0.00024085	0.37270	0.23198	0.12261	0.075839	-195.40	-202.00	5.26	 89
DATA	0000144	2021-09-02	21:29:56.415	2.2332e-05	0.00080136	0.00037590	0.00022182	0.37319	0.21735	0.11011	0.070799	-195.40	-202.00	5.25	121
DATA	0000145	2021-09-02	21:34:56.400	0.0000	0.00021765	0.00032319	0.00018267	0.37319	0.21735	0.10597	0.053363	-195.40	-202.00	5.24	120
DATA	0000146	2021-09-02	21:39:56.386	0.0000	0.00041222	0.00027637	0.00015058	0.37319	0.21735	0.073218	0.040243	-195.40	-202.00	5.24	171
DATA	0000147	2021-09-02	21:44:56.371	0.00077518	2.3086e-05	0.00025664	0.00015563	0.24826	0.13494	0.069068	0.041330	-195.40	-202.00	5.24	196
DATA	0000148	2021-09-02	21:49:56.357	0.00039875	0.0000	0.00027167	0.00016567	0.24826	0.13494	0.088313	0.058495	-195.40	-202.00	5.26	221
DATA	0000149	2021-09-02	21:54:56.343	0.0000	2.3086e-05	0.00027272	0.00016296	0.24826	0.13494	0.087642	0.049699	-195.40	-202.00	5.25	  4
DATA	0000150	2021-09-02	21:59:56.328	2.2332e-05	0.0000	0.00024858	0.00013793	0.24582	0.14665	0.069870	0.038457	-195.40	-202.00	5.24	251
DATA	0000151	2021-09-02	22:04:55.814	0.00096339	2.3086e-05	0.00022663	0.00012759	0.24582	0.14665	0.064908	0.035593	-195.40	-202.00	5.23	202
DATA	0000152	2021-09-02	22:09:55.799	0.0000	0.0000	0.00023318	0.00013209	0.24582	0.14665	0.069661	0.041203	-195.40	-202.00	5.23	219
DATA	0000153	2021-09-02	22:14:55.785	0.00077518	0.0000	0.00023276	0.00012675	0.20995	0.11947	0.075385	0.042670	-195.40	-202.00	5.22	196
DATA	0000154	2021-09-02	22:19:55.771	0.0000	0.0000	0.00023115	0.00012828	0.20995	0.11947	0.064681	0.031306	-195.40	-202.00	5.19	222
DATA	0000155	2021-09-02	22:24:55.756	0.00021054	0.0000	0.00022005	0.00012432	0.20995	0.11947	0.067118	0.041232	-195.40	-202.00	5.22	149
DATA	0000156	2021-09-02	22:29:55.742	0.0000	0.0000	0.00021067	0.00013101	0.19768	0.11129	0.065879	0.038754	-195.40	-202.00	5.19	234
DATA	0000157	2021-09-02	22:34:55.728	0.0000	0.0000	0.00018863	0.00011952	0.19768	0.11129	0.057561	0.036650	-195.40	-202.00	5.20	231
DATA	0000158	2021-09-02	22:39:55.713	2.2332e-05	0.00041222	0.00014818	9.8883e-05	0.19768	0.11129	0.047471	0.031903	-195.40	-202.00	5.21	246
DATA	0000159	2021-09-02	22:44:55.699	0.0000	0.0000	0.00012598	8.3398e-05	0.13372	0.089177	0.028688	0.020624	-195.40	-202.00	5.21	106
DATA	0000160	2021-09-02	22:49:55.684	0.0000	0.0000	0.00011065	6.8818e-05	0.13372	0.089177	0.036261	0.022616	-195.40	-202.00	5.20	 73
DATA	0000161	2021-09-02	22:54:55.670	0.0000	0.00060679	0.00013018	8.0737e-05	0.13372	0.089177	0.033671	0.018346	-195.40	-202.00	5.20	 30
DATA	0000162	2021-09-02	22:59:55.656	0.00058697	0.0000	0.00014424	8.6948e-05	0.11783	0.072446	0.047899	0.031484	-195.40	-202.00	5.19	 77
DATA	0000163	2021-09-02	23:04:55.641	0.0000	0.0000	0.00015415	9.8959e-05	0.11783	0.072446	0.048138	0.028727	-195.40	-202.00	5.19	 91
DATA	0000164	2021-09-02	23:09:55.627	0.0000	0.0000	0.00014615	8.9583e-05	0.11783	0.072446	0.042702	0.029654	-195.40	-202.00	5.16	 83
DATA	0000165	2021-09-02	23:14:55.613	2.2332e-05	0.0000	0.00013185	7.5827e-05	0.13156	0.080625	0.040721	0.022244	-195.40	-202.00	5.19	 59
DATA	0000166	2021-09-02	23:19:55.598	0.0000	0.0000	0.00012986	6.7543e-05	0.13156	0.080625	0.035183	0.016021	-195.40	-202.00	5.16	 77
DATA	0000167	2021-09-02	23:24:55.584	0.0000	0.0000	0.00012270	6.4655e-05	0.13156	0.080625	0.041180	0.021975	-195.40	-202.00	5.18	 66
DATA	0000168	2021-09-02	23:29:55.569	0.0000	0.0000	0.00012557	7.6626e-05	0.11045	0.058190	0.034086	0.020194	-195.40	-202.00	5.19	 81
DATA	0000169	2021-09-02	23:34:55.555	0.0000	0.00021765	0.00011892	7.7110e-05	0.11045	0.058190	0.038022	0.026926	-195.40	-202.00	5.18	 22
DATA	0000170	2021-09-02	23:39:55.041	0.0000	0.00041222	0.00012459	8.8736e-05	0.11045	0.058190	0.034520	0.022438	-195.40	-202.00	5.18	  8
DATA	0000171	2021-09-02	23:44:55.026	0.00039875	2.3086e-05	0.00013814	9.0125e-05	0.11157	0.079863	0.039024	0.030498	-195.40	-202.00	5.17	 42
DATA	0000172	2021-09-02	23:49:55.012	0.00058697	0.0000	0.00014930	9.2518e-05	0.11157	0.079863	0.050463	0.028153	-195.40	-202.00	5.16	 38
DATA	0000173	2021-09-02	23:54:54.997	0.00039875	0.0000	0.00017934	0.00010253	0.11157	0.079863	0.045091	0.024420	-195.40	-202.00	5.16	241
DATA	0000174	2021-09-02	23:59:54.983	0.0000	0.0000	0.00018185	0.00010510	0.16159	0.092726	0.066040	0.040152	-195.40	-202.00	5.11	  5
DATA	0000175	2021-09-03	00:04:54.969	0.0000	0.0000	0.00018454	0.00010457	0.16159	0.092726	0.053500	0.029804	-195.40	-202.00	5.14	 16
DATA	0000176	2021-09-03	00:09:54.954	0.00039875	0.0000	0.00015259	8.2419e-05	0.16159	0.092726	0.047096	0.024654	-195.40	-202.00	5.15	 58
DATA	0000177	2021-09-03	00:14:54.940	0.0000	2.3086e-05	0.00012703	6.5938e-05	0.13664	0.073731	0.036043	0.019272	-195.40	-202.00	5.17	 75
DATA	0000178	2021-09-03	00:19:54.926	0.0000	0.0000	0.00011077	6.1368e-05	0.13664	0.073731	0.030215	0.015417	-195.40	-202.00	5.16	 62
DATA	0000179	2021-09-03	00:24:54.911	0.00021054	0.00041222	0.00011426	5.6114e-05	0.13664	0.073731	0.033050	0.019849	-195.40	-202.00	5.16	208
DATA	0000180	2021-09-03	00:29:54.897	0.0000	0.0000	0.00011595	5.5912e-05	0.10263	0.050502	0.039362	0.015236	-195.40	-202.00	5.16	 60
DATA	0000181	2021-09-03	00:34:54.882	0.0000	0.0000	0.00010862	4.7668e-05	0.10263	0.050502	0.031932	0.015236	-195.40	-202.00	5.15	 50
DATA	0000182	2021-09-03	00:39:54.868	0.0000	0.0000	9.6829e-05	5.0159e-05	0.10263	0.050502	0.025957	0.012429	-195.40	-202.00	5.14	131
DATA	0000183	2021-09-03	00:44:54.854	0.0000	0.0000	8.6195e-05	4.7726e-05	0.087345	0.045167	0.029455	0.017501	-195.40	-202.00	5.14	191
DATA	0000184	2021-09-03	00:49:54.839	0.0000	0.0000	8.0630e-05	4.6074e-05	0.087345	0.045167	0.022562	0.013023	-195.40	-202.00	5.14	170
DATA	0000185	2021-09-03	00:54:54.825	2.2332e-05	0.0000	7.5735e-05	4.5502e-05	0.087345	0.045167	0.020445	0.011549	-195.40	-202.00	5.14	179
DATA	0000186	2021-09-03	00:59:54.810	0.0000	2.3086e-05	6.6505e-05	3.7031e-05	0.068007	0.040929	0.025000	0.016357	-195.40	-202.00	5.14	168
DATA	0000187	2021-09-03	01:04:54.796	0.0000	0.00021765	6.2000e-05	3.4865e-05	0.068007	0.040929	0.014011	0.0054216	-195.40	-202.00	5.14	162
DATA	0000188	2021-09-03	01:09:54.782	2.2332e-05	0.0000	5.2459e-05	2.8643e-05	0.068007	0.040929	0.017399	0.0093822	-195.40	-202.00	5.14	251
DATA	0000189	2021-09-03	01:14:54.267	2.2332e-05	0.0000	6.9143e-05	3.6290e-05	0.047356	0.026386	0.015947	0.011582	-195.40	-202.00	5.14	188
DATA	0000190	2021-09-03	01:19:54.253	0.00021054	0.0000	7.3180e-05	4.6521e-05	0.047356	0.026386	0.028905	0.011674	-195.40	-202.00	5.14	119
DATA	0000191	2021-09-03	01:24:54.239	0.00021054	0.00041222	9.8852e-05	5.7030e-05	0.047356	0.026386	0.021702	0.018006	-195.40	-202.00	5.13	 60
DATA	0000192	2021-09-03	01:29:54.224	0.0000	0.0000	9.0881e-05	5.4688e-05	0.089720	0.050743	0.039113	0.021063	-195.40	-202.00	5.10	169
DATA	0000193	2021-09-03	01:34:54.210	0.0000	0.00060679	9.8867e-05	5.3516e-05	0.089720	0.050743	0.021964	0.010975	-195.40	-202.00	5.11	142
DATA	0000194	2021-09-03	01:39:54.195	2.2332e-05	0.0000	7.5349e-05	4.7115e-05	0.089720	0.050743	0.026602	0.017122	-195.40	-202.00	5.11	172
DATA	0000195	2021-09-03	01:44:54.181	0.0000	0.0000	6.8923e-05	4.8782e-05	0.066851	0.042403	0.018285	0.014306	-195.40	-202.00	5.10	174
DATA	0000196	2021-09-03	01:49:54.167	2.2332e-05	0.0000	5.3430e-05	3.6276e-05	0.066851	0.042403	0.016451	0.011651	-195.40	-202.00	5.13	165
DATA	0000197	2021-09-03	01:54:54.152	0.0000	0.0000	4.4296e-05	2.7335e-05	0.066851	0.042403	0.013373	0.0057811	-195.40	-202.00	5.13	215
DATA	0000198	2021-09-03	01:59:54.138	2.2332e-05	0.0000	3.7281e-05	2.3173e-05	0.040110	0.024625	0.010286	0.0071925	-195.40	-202.00	5.13	208
DATA	0000199	2021-09-03	02:04:54.124	0.0000	0.0000	3.2553e-05	2.2040e-05	0.040110	0.024625	0.0096005	0.0078817	-195.40	-202.00	5.12	238
DATA	0000200	2021-09-03	02:09:54.109	2.2332e-05	0.0000	3.1862e-05	1.6540e-05	0.040110	0.024625	0.0094218	0.0046532	-195.40	-202.00	5.12	235
DATA	0000201	2021-09-03	02:14:54.095	0.0000	0.0000	2.6850e-05	1.3792e-05	0.028431	0.014863	0.0094091	0.0023283	-195.40	-202.00	5.11	251
DATA	0000202	2021-09-03	02:19:54.080	0.0000	0.0000	2.2440e-05	1.2645e-05	0.028431	0.014863	0.0053115	0.0054315	-195.40	-202.00	5.08	236
DATA	0000203	2021-09-03	02:24:54.066	0.0000	0.0000	1.7726e-05	1.2543e-05	0.028431	0.014863	0.0056416	0.0036210	-195.40	-202.00	5.11	240
DATA	0000204	2021-09-03	02:29:54.052	0.0000	0.0000	1.6149e-05	8.6220e-06	0.016059	0.011265	0.0051057	0.0022128	-195.40	-202.00	5.13	240
DATA	0000205	2021-09-03	02:34:54.037	0.0000	0.0000	1.1704e-05	5.2362e-06	0.016059	0.011265	0.0037866	0.0019259	-195.40	-202.00	5.12	254
DATA	0000206	2021-09-03	02:39:54.023	0.0000	0.0000	9.9920e-06	5.3241e-06	0.016059	0.011265	0.0014419	0.00057383	-195.40	-202.00	5.11	 49
DATA	0000207	2021-09-03	02:44:54.008	0.0000	0.0000	9.6978e-06	7.8818e-06	0.0089099	0.0049006	0.0036813	0.0024008	-195.40	-202.00	5.11	132
DATA	0000208	2021-09-03	02:49:53.494	0.0000	0.0000	1.9155e-05	9.8421e-06	0.0089099	0.0049006	0.0036048	0.0041190	-195.40	-202.00	5.10	119
DATA	0000209	2021-09-03	02:54:53.480	0.0000	0.0000	2.5226e-05	1.3418e-05	0.0089099	0.0049006	0.0099976	0.0024470	-195.40	-202.00	5.10	120
DATA	0000210	2021-09-03	02:59:53.465	0.0000	0.0000	3.3191e-05	1.1410e-05	0.022681	0.011968	0.0090789	0.0054018	-195.40	-202.00	5.09	  6
DATA	0000211	2021-09-03	03:04:53.451	0.0000	0.0000	2.9164e-05	1.3155e-05	0.022681	0.011968	0.011194	0.0024206	-195.40	-202.00	5.04	188
DATA	0000212	2021-09-03	03:09:53.437	0.0000	0.0000	2.3426e-05	1.1667e-05	0.022681	0.011968	0.0059303	0.0041140	-195.40	-202.00	5.10	244
DATA	0000213	2021-09-03	03:14:53.422	0.0000	0.0000	1.9867e-05	1.2708e-05	0.021083	0.010500	0.0039589	0.0039656	-195.40	-202.00	5.09	  7
DATA	0000214	2021-09-03	03:19:53.408	0.0000	0.0000	1.8439e-05	1.0238e-05	0.021083	0.010500	0.0075923	0.0033572	-195.40	-202.00	5.04	241
DATA	0000215	2021-09-03	03:24:53.393	0.0000	0.0000	1.9878e-05	7.5776e-06	0.021083	0.010500	0.0050435	0.0016852	-195.40	-202.00	5.09	 10
DATA	0000216	2021-09-03	03:29:53.379	0.0000	0.0000	1.3303e-05	5.1336e-06	0.017890	0.0068199	0.0052540	0.0017775	-195.40	-202.00	5.09	 73
DATA	0000217	2021-09-03	03:34:53.365	0.0000	0.0000	9.2760e-06	4.5986e-06	0.017890	0.0068199	0.0016971	0.0011575	-195.40	-202.00	5.09	 94
DATA	0000218	2021-09-03	03:39:53.350	0.0000	0.0000	9.5950e-06	5.4634e-06	0.017890	0.0068199	0.0013972	0.0012037	-195.40	-202.00	5.08	 79
DATA	0000219	2021-09-03	03:44:53.336	0.0000	0.0000	1.3756e-05	7.3724e-06	0.0086355	0.0053293	0.0055411	0.0029680	-195.40	-202.00	5.08	119
DATA	0000220	2021-09-03	03:49:53.321	0.0000	0.0000	1.4348e-05	9.4720e-06	0.0086355	0.0053293	0.0054199	0.0024635	-195.40	-202.00	5.08	114
DATA	0000221	2021-09-03	03:54:53.307	0.0000	0.0000	1.3352e-05	9.5600e-06	0.0086355	0.0053293	0.0019523	0.0030933	-195.40	-202.00	5.08	 97
DATA	0000222	2021-09-03	03:59:53.293	0.00039875	0.0000	1.2406e-05	8.5560e-06	0.012521	0.0081917	0.0051488	0.0026349	-195.40	-202.00	5.03	 25
DATA	0000223	2021-09-03	04:04:53.278	0.0000	0.0000	1.4437e-05	9.3328e-06	0.012521	0.0081917	0.0040641	0.0019721	-195.40	-202.00	5.05	 46
DATA	0000224	2021-09-03	04:09:53.264	0.0000	0.0000	1.2331e-05	8.3032e-06	0.012521	0.0081917	0.0037802	0.0037925	-195.40	-202.00	5.08	 43
DATA	0000225	2021-09-03	04:14:53.250	0.0000	0.0000	9.3752e-06	8.1749e-06	0.010594	0.0074728	0.0027498	0.0017083	-195.40	-202.00	5.08	 78
DATA	0000226	2021-09-03	04:19:53.235	0.0000	0.0000	9.3398e-06	8.4534e-06	0.010594	0.0074728	0.0019077	0.0018567	-195.40	-202.00	5.08	 90
DATA	0000227	2021-09-03	04:24:52.721	0.0000	0.0000	7.9362e-06	7.0903e-06	0.010594	0.0074728	0.0037707	0.0040431	-195.40	-202.00	5.07	 60
DATA	0000228	2021-09-03	04:29:52.706	0.0000	0.0000	8.7975e-06	5.1043e-06	0.0071426	0.0063812	0.0014642	0.00048148	-195.40	-202.00	5.07	167
DATA	0000229	2021-09-03	04:34:52.692	0.0000	0.0000	6.0009e-06	9.3072e-07	0.0071426	0.0063812	0.0026828	6.9258e-05	-195.40	-202.00	5.06	224
DATA	0000230	2021-09-03	04:39:52.678	0.0000	0.0000	5.4586e-06	1.1469e-06	0.0071426	0.0063812	0.0012314	0.00028691	-195.40	-202.00	5.01	158
DATA	0000231	2021-09-03	04:44:52.663	0.0000	0.0000	2.8356e-06	1.1213e-06	0.0049127	0.0010322	0.00099849	0.00067605	-195.40	-202.00	5.07	203
DATA	0000232	2021-09-03	04:49:52.649	0.0000	0.0000	1.5667e-06	8.5377e-07	0.0049127	0.0010322	0.00032220	4.6172e-05	-195.40	-202.00	5.06	  1
DATA	0000233	2021-09-03	04:54:52.635	0.0000	0.0000	1.8609e-06	3.4444e-07	0.0049127	0.0010322	8.9327e-05	4.6172e-05	-195.40	-202.00	5.02	 52
DATA	0000234	2021-09-03	04:59:52.620	0.0000	0.0000	1.5773e-06	5.8628e-07	0.0016748	0.00031000	0.0012633	0.00021765	-195.40	-202.00	5.06	197
DATA	0000235	2021-09-03	05:04:52.606	0.0000	0.0000	1.5277e-06	5.6063e-07	0.0016748	0.00031000	6.6995e-05	0.00026383	-195.40	-202.00	5.06	 51
DATA	0000236	2021-09-03	05:09:52.591	0.0000	0.0000	3.8282e-07	3.1879e-07	0.0016748	0.00031000	4.4663e-05	2.3086e-05	-195.40	-202.00	5.05	109
DATA	0000237	2021-09-03	05:14:52.577	0.0000	0.0000	3.8282e-07	2.5651e-08	0.00034453	0.00028691	0.00023287	0.0000	-195.40	-202.00	5.05	 99
DATA	0000238	2021-09-03	05:19:52.563	0.0000	0.0000	1.7864e-06	4.8368e-07	0.00034453	0.00028691	6.6995e-05	0.0000	-195.40	-202.00	5.04	178
DATA	0000239	2021-09-03	05:24:52.548	0.0000	0.0000	1.8609e-06	7.7682e-07	0.00034453	0.00028691	0.0013303	0.00043531	-195.40	-202.00	5.03	  0
DATA	0000240	2021-09-03	05:29:52.534	0.0000	0.0000	2.0452e-06	1.3118e-06	0.0016748	0.00069914	0.00027754	0.00026383	-195.40	-202.00	5.00	248
DATA	0000241	2021-09-03	05:34:52.519	0.0000	2.3086e-05	1.3930e-06	5.0676e-06	0.0016748	0.00069914	0.00025521	0.00050457	-195.40	-202.00	5.03	  7
DATA	0000242	2021-09-03	05:39:52.505	0.0000	2.3086e-05	1.7616e-06	3.7807e-05	0.0016748	0.00069914	0.00069862	0.0038156	-195.40	-202.00	5.05	241
DATA	0000243	2021-09-03	05:44:52.491	0.0000	0.0011905	2.0700e-06	0.00030414	0.0015855	0.035057	0.00063163	0.030737	-195.40	-202.00	5.04	141
DATA	0000244	2021-09-03	05:49:52.476	0.0000	0.0060547	1.5525e-06	0.0013587	0.0015855	0.035057	0.00051041	0.24852	-195.40	-202.00	5.04	 74
DATA	0000245	2021-09-03	05:54:52.462	0.0000	0.014616	1.1839e-06	0.0042969	0.0015855	0.035057	0.00025521	0.97238	-195.40	-202.00	5.03	 35
DATA	0000246	2021-09-03	05:59:51.948	0.0000	0.036991	1.3434e-06	0.011886	0.0010655	3.9428	0.00029987	2.7219	-195.40	-202.00	5.03	121
DATA	0000247	2021-09-03	06:04:51.933	0.0000	0.097891	1.2583e-06	0.031701	0.0010655	3.9428	0.00065396	7.2000	-195.40	-202.00	5.03	 87
DATA	0000248	2021-09-03	06:09:51.919	0.0000	0.26639	1.2087e-06	0.085107	0.0010655	3.9428	0.00017865	19.130	-195.40	-202.00	5.02	 51
DATA	0000249	2021-09-03	06:14:51.904	0.0000	0.68666	7.9044e-07	0.22663	0.0010878	77.991	0.00025521	51.661	-195.40	-202.00	4.98	 26
DATA	0000250	2021-09-03	06:19:51.890	0.0000	1.6741	6.1675e-07	0.58363	0.0010878	77.991	0.00027754	136.84	-195.40	-202.00	4.99	243
DATA	0000251	2021-09-03	06:24:51.876	0.0000	3.4571	3.3319e-07	1.3624	0.0010878	77.991	2.2332e-05	345.59	-195.40	-202.00	5.00	211
DATA	0000252	2021-09-03	06:29:51.861	0.0000	6.1490	3.0838e-07	2.7800	0.00029987	1243.7	0.0000	761.24	-195.40	-202.00	5.00	249
DATA	0000253	2021-09-03	06:34:51.847	0.0000	10.085	7.7625e-07	5.1170	0.00029987	1243.7	0.00025521	1425.7	-195.40	-202.00	5.03	199
DATA	0000254	2021-09-03	06:39:51.832	0.0000	14.722	1.2441e-06	8.3703	0.00029987	1243.7	0.00084217	2464.6	-195.40	-202.00	5.02	201
DATA	0000255	2021-09-03	06:44:51.818	0.0000	20.603	1.2193e-06	12.666	0.0011197	7596.1	2.2332e-05	3705.7	-195.40	-202.00	5.02	193
DATA	0000256	2021-09-03	06:49:51.804	0.0000	25.501	8.0106e-07	17.627	0.0011197	7596.1	0.00023287	5308.0	-195.40	-202.00	5.02	147
DATA	0000257	2021-09-03	06:54:51.789	0.0000	30.124	3.5800e-07	22.768	0.0011197	7596.1	6.6995e-05	6935.1	-195.40	-202.00	5.01	231
DATA	0000258	2021-09-03	06:59:51.775	0.0000	34.096	5.6713e-07	27.734	0.00032220	20575.	2.2332e-05	8332.2	-195.40	-202.00	4.99	  8
DATA	0000259	2021-09-03	07:04:51.761	0.0000	42.227	1.0846e-06	32.934	0.00032220	20575.	0.00042109	9774.6	-195.40	-202.00	4.99	204
DATA	0000260	2021-09-03	07:09:51.746	0.0000	60.691	1.8361e-06	40.194	0.00032220	20575.	0.00053275	11626.	-195.40	-202.00	4.98	194
DATA	0000261	2021-09-03	07:14:51.732	0.00021054	75.529	4.8560e-06	51.332	0.0016525	36344.	0.00069862	14943.	-195.40	-202.00	5.01	102
DATA	0000262	2021-09-03	07:19:51.717	0.00096339	89.538	5.3107e-05	65.360	0.0016525	36344.	0.0031837	19836.	-195.40	-202.00	5.01	 81
DATA	0000263	2021-09-03	07:24:51.703	0.0000	105.56	0.00019518	81.423	0.0016525	36344.	0.045343	24306.	-195.40	-202.00	5.00	234
DATA	0000264	2021-09-03	07:29:51.689	0.00021054	122.30	0.00043548	97.299	0.18033	73524.	0.13180	29383.	-195.40	-202.00	5.00	 67
DATA	0000265	2021-09-03	07:34:51.174	0.0013398	141.96	0.00074374	114.02	0.18033	73524.	0.22016	34153.	-195.40	-202.00	5.00	248
DATA	0000266	2021-09-03	07:39:51.160	0.0017162	157.85	0.0010153	131.07	0.18033	73524.	0.32355	39417.	-195.40	-202.00	5.00	203
DATA	0000267	2021-09-03	07:44:51.146	0.0015280	138.50	0.0012463	143.86	0.91797	1.1830e+05	0.37425	44726.	-195.40	-202.00	4.99	228
DATA	0000268	2021-09-03	07:49:51.131	0.0017162	173.10	0.0014205	150.87	0.91797	1.1830e+05	0.42905	45439.	-195.40	-202.00	4.97	218
DATA	0000269	2021-09-03	07:54:51.117	0.0022809	223.37	0.0015182	169.24	0.91797	1.1830e+05	0.47704	45819.	-195.40	-202.00	4.98	239
DATA	0000270	2021-09-03	07:59:51.102	0.0017162	247.55	0.0016008	199.23	1.3686	1.5279e+05	0.46255	61529.	-195.40	-202.00	4.98	182
DATA	0000271	2021-09-03	08:04:51.088	0.0019044	273.35	0.0016796	238.17	1.3686	1.5279e+05	0.50377	72637.	-195.40	-202.00	5.00	182
DATA	0000272	2021-09-03	08:09:51.074	0.0026573	307.66	0.0018116	270.20	1.3686	1.5279e+05	0.55016	80851.	-195.40	-202.00	5.02	162
DATA	0000273	2021-09-03	08:14:51.059	0.0011516	326.04	0.0018833	295.08	1.6334	2.4371e+05	0.57943	90225.	-195.40	-202.00	5.02	158
DATA	0000274	2021-09-03	08:19:51.045	0.0020927	264.92	0.0019398	316.74	1.6334	2.4371e+05	0.56192	94789.	-195.40	-202.00	5.02	191
DATA	0000275	2021-09-03	08:24:51.030	0.0020927	321.83	0.0019923	329.92	1.6334	2.4371e+05	0.60578	1.0056e+05	-195.40	-202.00	5.02	141
DATA	0000276	2021-09-03	08:29:51.016	0.0019044	404.36	0.0020648	351.86	1.7924	2.9717e+05	0.62469	1.0182e+05	-195.40	-202.00	5.02	159
DATA	0000277	2021-09-03	08:34:51.002	0.0017162	471.29	0.0021215	383.33	1.7924	2.9717e+05	0.63457	1.1504e+05	-195.40	-202.00	5.01	140
DATA	0000278	2021-09-03	08:39:50.987	0.0024691	618.44	0.0021497	422.46	1.7924	2.9717e+05	0.64888	1.2836e+05	-195.40	-202.00	5.01	200
DATA	0000279	2021-09-03	08:44:50.973	0.0020927	448.47	0.0021928	459.05	1.9353	3.8144e+05	0.65189	1.3804e+05	-195.40	-202.00	5.01	181
DATA	0000280	2021-09-03	08:49:50.959	0.0022809	385.63	0.0022798	470.13	1.9353	3.8144e+05	0.67410	1.4752e+05	-195.40	-202.00	5.02	172
DATA	0000281	2021-09-03	08:54:50.944	0.0022809	671.25	0.0024151	455.11	1.9353	3.8144e+05	0.72858	1.3781e+05	-195.40	-202.00	5.03	159
DATA	0000282	2021-09-03	08:59:50.930	0.0035983	418.16	0.0025674	447.07	2.1769	4.1001e+05	0.77423	1.2468e+05	-195.40	-202.00	5.03	167
DATA	0000283	2021-09-03	09:04:50.915	0.0028455	404.52	0.0026663	392.26	2.1769	4.1001e+05	0.80914	1.3882e+05	-195.40	-202.00	5.03	152
