7392-122893
OS REV: 1.11 Sensor Cal: 1439861837
Time (sec),  BV (Volts),  T (deg C),  DO (mg/l),  Q ()
1627601460,+3.51,+24.510, +9.872,+1.020
1627602360,+3.51,+23.743,+10.211,+1.021
1627603260,+3.51,+23.675,+10.388,+1.021
1627604160,+3.52,+23.701,+10.585,+1.024
1627605060,+3.52,+22.335,+11.048,+1.022
1627605960,+3.52,+20.294,+11.651,+1.023
1627606860,+3.52,+18.958,+12.110,+1.021
1627607760,+3.52,+17.779,+12.597,+1.021
1627608660,+3.52,+16.671,+13.015,+1.022
1627609560,+3.52,+16.466,+13.180,+1.022
1627610460,+3.51,+16.183,+13.346,+1.022
1627611360,+3.51,+15.977,+13.474,+1.022
1627612260,+3.51,+15.831,+13.610,+1.023
1627613160,+3.51,+15.702,+13.647,+1.022
1627614060,+3.51,+15.556,+13.717,+1.022
1627614960,+3.51,+15.453,+13.768,+1.021
1627615860,+3.51,+15.427,+13.863,+1.023
1627616760,+3.51,+15.306,+13.910,+1.021
1627617660,+3.51,+15.203,+13.921,+1.020
1627618560,+3.51,+15.082,+14.042,+1.023
1627619460,+3.51,+15.004,+13.977,+1.021
1627620360,+3.51,+14.891,+13.984,+1.024
1627621260,+3.51,+14.839,+13.922,+1.023
1627622160,+3.51,+14.848,+13.843,+1.023
1627623060,+3.51,+14.874,+13.711,+1.021
1627623960,+3.51,+14.839,+13.621,+1.022
1627624860,+3.50,+14.805,+13.543,+1.021
1627625760,+3.50,+14.805,+13.491,+1.023
1627626660,+3.50,+14.727,+13.390,+1.022
1627627560,+3.50,+14.683,+13.308,+1.021
1627628460,+3.50,+14.640,+13.175,+1.021
1627629360,+3.50,+14.701,+13.011,+1.022
1627630260,+3.50,+14.675,+12.844,+1.021
1627631160,+3.50,+14.701,+12.675,+1.022
1627632060,+3.50,+14.813,+12.418,+1.019
1627632960,+3.50,+14.909,+12.259,+1.021
1627633860,+3.50,+15.116,+12.030,+1.021
1627634760,+3.50,+15.616,+11.726,+1.019
1627635660,+3.50,+16.012,+11.523,+1.020
1627636560,+3.50,+16.338,+11.405,+1.023
1627637460,+3.50,+16.859,+11.159,+1.021
1627638360,+3.50,+17.490,+10.980,+1.023
1627639260,+3.50,+18.518,+10.691,+1.021
1627640160,+3.50,+19.390,+10.539,+1.024
1627641060,+3.50,+19.136,+10.532,+1.021
1627641960,+3.50,+18.772,+10.564,+1.021
1627642860,+3.50,+18.645,+10.548,+1.021
1627643760,+3.50,+18.781,+10.518,+1.023
1627644660,+3.50,+19.043,+10.406,+1.022
1627645560,+3.50,+19.238,+10.353,+1.021
1627646460,+3.50,+19.382,+10.357,+1.023
1627647360,+3.50,+19.390,+10.329,+1.020
1627648260,+3.50,+19.424,+10.268,+1.020
1627649160,+3.50,+19.517,+10.266,+1.021
1627650060,+3.50,+19.576,+10.243,+1.021
1627650960,+3.50,+19.593,+10.241,+1.022
1627651860,+3.50,+19.322,+10.281,+1.020
1627652760,+3.50,+18.831,+10.392,+1.020
1627653660,+3.50,+18.509,+10.491,+1.020
1627654560,+3.50,+18.484,+10.547,+1.022
1627655460,+3.50,+18.425,+10.546,+1.020
1627656360,+3.50,+18.365,+10.611,+1.020
1627657260,+3.50,+18.382,+10.646,+1.021
1627658160,+3.50,+18.391,+10.650,+1.018
1627659060,+3.50,+18.399,+10.729,+1.021
1627659960,+3.50,+18.382,+10.735,+1.020
1627660860,+3.50,+18.289,+10.797,+1.022
1627661760,+3.50,+18.187,+10.866,+1.022
1627662660,+3.50,+18.145,+10.875,+1.019
1627663560,+3.50,+17.924,+10.994,+1.021
1627664460,+3.50,+17.584,+11.158,+1.022
1627665360,+3.51,+17.439,+11.180,+1.019
1627666260,+3.50,+17.397,+11.220,+1.021
1627667160,+3.50,+17.405,+11.232,+1.021
1627668060,+3.50,+17.490,+11.255,+1.022
1627668960,+3.50,+17.805,+11.212,+1.022
1627669860,+3.50,+17.898,+11.218,+1.022
1627670760,+3.50,+17.907,+11.211,+1.019
1627671660,+3.50,+17.915,+11.281,+1.020
1627672560,+3.50,+17.958,+11.325,+1.020
1627673460,+3.50,+18.017,+11.401,+1.023
1627674360,+3.50,+18.255,+11.366,+1.021
1627675260,+3.50,+18.713,+11.404,+1.024
1627676160,+3.50,+19.246,+11.317,+1.022
1627677060,+3.50,+19.838,+11.280,+1.024
1627677960,+3.50,+20.193,+11.204,+1.023
1627678860,+3.50,+20.421,+11.117,+1.020
1627679760,+3.50,+20.640,+11.177,+1.025
1627680660,+3.50,+20.809,+11.187,+1.023
1627681560,+3.51,+20.969,+11.230,+1.023
1627682460,+3.51,+21.062,+11.265,+1.021
1627683360,+3.51,+21.130,+11.377,+1.023
1627684260,+3.51,+21.239,+11.461,+1.024
1627685160,+3.51,+21.349,+11.486,+1.022
1627686060,+3.51,+21.526,+11.576,+1.025
1627686960,+3.51,+21.678,+11.597,+1.024
1627687860,+3.51,+21.796,+11.585,+1.023
