7392-798741
OS REV: 1.11 Sensor Cal: 1438807124
Time (sec),  BV (Volts),  T (deg C),  DO (mg/l),  Q ()
1623727800,+3.50,+16.726,+13.021,+0.997
1623728700,+3.50,+16.633,+13.209,+0.999
1623729600,+3.50,+16.548,+13.245,+0.997
1623730500,+3.50,+16.514,+13.371,+1.000
1623731400,+3.50,+16.454,+13.385,+0.997
1623732300,+3.50,+16.446,+13.461,+1.000
1623733200,+3.50,+16.403,+13.446,+0.998
1623734100,+3.50,+16.352,+13.436,+0.997
1623735000,+3.50,+16.216,+13.495,+0.997
1623735900,+3.50,+16.165,+13.540,+0.999
1623736800,+3.50,+16.173,+13.510,+0.998
1623737700,+3.50,+16.045,+13.534,+0.999
1623738600,+3.50,+15.994,+13.457,+0.999
1623739500,+3.50,+15.968,+13.382,+0.999
1623740400,+3.50,+15.823,+13.285,+0.996
1623741300,+3.50,+15.772,+13.268,+0.999
1623742200,+3.50,+15.686,+13.177,+0.998
1623743100,+3.50,+15.601,+13.123,+0.998
1623744000,+3.50,+15.532,+13.057,+0.997
1623744900,+3.50,+15.549,+13.008,+0.998
1623745800,+3.50,+15.567,+12.936,+0.997
1623746700,+3.49,+15.601,+12.873,+0.998
1623747600,+3.49,+15.609,+12.832,+0.999
1623748500,+3.49,+15.609,+12.734,+0.998
1623749400,+3.49,+15.635,+12.648,+0.999
1623750300,+3.49,+15.618,+12.579,+0.997
1623751200,+3.49,+15.635,+12.523,+0.998
1623752100,+3.49,+15.635,+12.475,+0.998
1623753000,+3.49,+15.644,+12.415,+0.998
1623753900,+3.49,+15.661,+12.397,+0.998
1623754800,+3.49,+15.678,+12.355,+0.998
1623755700,+3.49,+15.669,+12.336,+0.997
1623756600,+3.49,+15.686,+12.291,+0.996
1623757500,+3.49,+15.695,+12.219,+0.995
1623758400,+3.49,+15.712,+12.192,+0.996
1623759300,+3.49,+15.712,+12.167,+0.998
1623760200,+3.49,+15.704,+12.138,+0.999
1623761100,+3.49,+15.729,+12.072,+0.998
1623762000,+3.49,+15.729,+12.043,+0.998
1623762900,+3.49,+15.738,+12.018,+0.997
1623763800,+3.49,+15.746,+12.024,+0.998
1623764700,+3.49,+15.763,+12.028,+1.000
1623765600,+3.49,+15.755,+12.011,+0.998
1623766500,+3.49,+15.772,+11.981,+0.998
1623767400,+3.49,+15.738,+11.955,+0.998
1623768300,+3.49,+15.721,+11.868,+0.998
1623769200,+3.49,+15.738,+11.767,+0.997
1623770100,+3.49,+15.772,+11.703,+0.999
1623771000,+3.49,+15.806,+11.552,+0.997
1623771900,+3.49,+15.840,+11.461,+0.997
1623772800,+3.49,+16.165,+11.311,+0.997
1623773700,+3.49,+16.335,+11.213,+0.998
1623774600,+3.49,+16.463,+11.073,+0.996
1623775500,+3.49,+16.573,+11.012,+0.997
1623776400,+3.49,+16.667,+10.919,+0.998
1623777300,+3.49,+16.803,+10.801,+0.998
1623778200,+3.49,+16.905,+10.719,+0.998
1623779100,+3.49,+16.998,+10.579,+0.996
1623780000,+3.49,+17.049,+10.509,+0.997
1623780900,+3.49,+17.337,+10.392,+0.999
1623781800,+3.49,+17.549,+10.288,+0.997
1623782700,+3.49,+17.752,+10.233,+0.998
1623783600,+3.49,+18.073,+10.097,+0.995
1623784500,+3.49,+18.444,+10.002,+0.998
1623785400,+3.49,+19.067, +9.776,+0.995
1623786300,+3.50,+19.757, +9.632,+0.997
1623787200,+3.50,+20.160, +9.534,+0.996
1623788100,+3.50,+20.756, +9.490,+0.999
1623789000,+3.50,+21.402, +9.396,+0.998
1623789900,+3.50,+21.771, +9.409,+0.998
1623790800,+3.50,+19.480, +8.571,+0.993
1623791700,+3.50,+18.335, +8.787,+0.992
1623792600,+3.50,+18.748, +8.778,+0.994
1623793500,+3.50,+19.370, +8.697,+0.994
1623794400,+3.50,+20.320, +8.551,+0.995
1623795300,+3.50,+21.083, +8.480,+0.996
1623796200,+3.51,+21.670, +8.421,+0.997
1623797100,+3.51,+22.022, +8.382,+0.996
1623798000,+3.51,+23.037, +8.249,+0.998
1623798900,+3.51,+22.953, +8.232,+0.995
1623799800,+3.51,+22.944, +8.226,+0.997
1623800700,+3.51,+25.749, +7.950,+0.999
1623801600,+3.51,+24.808, +8.584,+0.997
1623802500,+3.51,+23.943, +9.084,+0.997
1623803400,+3.52,+22.391, +9.792,+0.997
1623804300,+3.51,+21.418,+10.337,+0.995
1623805200,+3.51,+19.824,+11.023,+0.996
1623806100,+3.52,+19.219,+11.425,+0.995
1623807000,+3.52,+19.084,+11.752,+0.999
1623807900,+3.51,+19.698,+11.889,+0.998
1623808800,+3.51,+19.278,+12.240,+0.996
1623809700,+3.51,+18.731,+12.568,+0.996
1623810600,+3.51,+18.621,+12.844,+0.999
1623811500,+3.51,+18.790,+13.005,+0.999
1623812400,+3.51,+18.748,+13.193,+0.999
1623813300,+3.51,+18.486,+13.377,+0.997
1623814200,+3.51,+18.309,+13.615,+0.998
