7392-798741
OS REV: 1.11 Sensor Cal: 1438807124
Time (sec),  BV (Volts),  T (deg C),  DO (mg/l),  Q ()
1623989700,+3.52,+19.950,+14.293,+0.999
1623990600,+3.52,+19.782,+14.473,+0.999
1623991500,+3.52,+19.665,+14.634,+0.999
1623992400,+3.52,+19.564,+14.831,+1.004
1623993300,+3.52,+19.480,+14.926,+1.003
1623994200,+3.52,+19.168,+15.030,+1.000
1623995100,+3.52,+18.891,+15.163,+1.000
1623996000,+3.52,+18.748,+15.221,+0.999
1623996900,+3.52,+18.680,+15.339,+1.002
1623997800,+3.52,+18.596,+15.375,+1.002
1623998700,+3.52,+18.537,+15.324,+0.999
1623999600,+3.52,+18.495,+15.265,+0.998
1624000500,+3.52,+18.419,+15.325,+1.000
1624001400,+3.52,+18.402,+15.308,+1.000
1624002300,+3.52,+18.377,+15.207,+0.998
1624003200,+3.52,+18.351,+15.164,+0.999
1624004100,+3.52,+18.326,+15.140,+0.999
1624005000,+3.51,+18.292,+15.046,+1.000
1624005900,+3.51,+18.284,+14.935,+0.999
1624006800,+3.51,+18.301,+14.839,+1.000
1624007700,+3.52,+18.326,+14.686,+0.999
1624008600,+3.51,+18.377,+14.569,+1.000
1624009500,+3.51,+18.410,+14.436,+1.003
1624010400,+3.51,+18.453,+14.173,+0.997
1624011300,+3.51,+18.638,+14.047,+1.001
1624012200,+3.51,+18.849,+13.775,+0.998
1624013100,+3.51,+18.975,+13.614,+0.999
1624014000,+3.51,+19.009,+13.506,+1.003
1624014900,+3.51,+19.017,+13.226,+0.996
1624015800,+3.51,+19.051,+13.050,+0.997
1624016700,+3.51,+19.067,+12.880,+0.998
1624017600,+3.51,+19.093,+12.706,+0.998
1624018500,+3.51,+19.051,+12.541,+0.997
1624019400,+3.51,+19.042,+12.398,+0.998
1624020300,+3.51,+19.034,+12.206,+0.998
1624021200,+3.51,+19.017,+12.018,+0.997
1624022100,+3.51,+19.017,+11.871,+0.996
1624023000,+3.51,+18.975,+11.747,+0.995
1624023900,+3.51,+18.933,+11.660,+0.995
1624024800,+3.51,+18.865,+11.605,+0.997
1624025700,+3.51,+18.849,+11.475,+0.997
1624026600,+3.51,+18.790,+11.418,+0.997
1624027500,+3.51,+18.781,+11.299,+0.998
1624028400,+3.51,+18.781,+11.137,+0.995
1624029300,+3.51,+18.756,+11.079,+0.997
1624030200,+3.51,+18.722,+11.024,+0.999
1624031100,+3.51,+18.714,+10.941,+0.997
1624032000,+3.51,+18.722,+10.882,+0.997
1624032900,+3.51,+18.714,+10.841,+0.997
1624033800,+3.51,+18.722,+10.826,+0.995
1624034700,+3.51,+18.722,+10.836,+0.997
1624035600,+3.51,+18.731,+10.852,+0.997
1624036500,+3.51,+18.790,+10.814,+0.997
1624037400,+3.51,+18.832,+10.814,+0.998
1624038300,+3.51,+18.891,+10.772,+0.996
1624039200,+3.51,+18.975,+10.719,+0.995
1624040100,+3.51,+19.042,+10.733,+0.997
1624041000,+3.51,+19.076,+10.707,+0.997
1624041900,+3.51,+19.168,+10.713,+0.998
1624042800,+3.51,+19.236,+10.640,+0.994
1624043700,+3.51,+19.320,+10.672,+0.997
1624044600,+3.51,+19.412,+10.603,+0.997
1624045500,+3.51,+19.564,+10.546,+0.996
1624046400,+3.51,+19.774,+10.432,+0.995
1624047300,+3.51,+20.026,+10.392,+0.998
1624048200,+3.51,+20.227,+10.302,+0.996
1624049100,+3.51,+20.471,+10.253,+0.997
1624050000,+3.51,+20.638,+10.221,+0.997
1624050900,+3.51,+20.831,+10.173,+0.996
1624051800,+3.51,+21.033,+10.179,+0.998
1624052700,+3.51,+21.242,+10.187,+0.999
1624053600,+3.51,+21.561,+10.108,+0.996
1624054500,+3.51,+21.997,+10.124,+0.999
1624055400,+3.51,+22.399,+10.068,+0.997
1624056300,+3.51,+22.710,+10.077,+0.997
1624057200,+3.51,+23.003,+10.078,+0.996
1624058100,+3.51,+23.263,+10.083,+0.997
1624059000,+3.51,+23.414,+10.091,+0.996
1624059900,+3.51,+23.590,+10.074,+0.996
1624060800,+3.51,+23.699,+10.172,+1.000
1624061700,+3.51,+23.783,+10.170,+0.996
1624062600,+3.52,+23.892,+10.231,+0.998
1624063500,+3.51,+23.901,+10.263,+0.997
1624064400,+3.52,+23.901,+10.300,+0.995
1624065300,+3.52,+23.884,+10.377,+0.997
1624066200,+3.52,+23.758,+10.506,+0.999
1624067100,+3.52,+23.632,+10.619,+0.997
1624068000,+3.52,+23.423,+10.773,+0.997
1624068900,+3.52,+23.079,+10.985,+0.996
1624069800,+3.52,+22.592,+11.257,+0.997
1624070700,+3.52,+22.232,+11.478,+0.996
1624071600,+3.52,+21.821,+11.674,+0.996
1624072500,+3.52,+21.595,+11.811,+0.996
1624073400,+3.52,+21.284,+11.905,+0.995
1624074300,+3.52,+20.865,+12.087,+0.997
1624075200,+3.52,+20.529,+12.264,+0.997
1624076100,+3.52,+20.370,+12.450,+1.000
