7392-798741
OS REV: 1.11 Sensor Cal: 1438807124
Time (sec),  BV (Volts),  T (deg C),  DO (mg/l),  Q ()
1623291300,+3.51,+19.076,+15.478,+1.002
1623292200,+3.51,+19.034,+15.525,+1.002
1623293100,+3.51,+18.992,+15.516,+1.000
1623294000,+3.51,+18.992,+15.616,+1.004
1623294900,+3.51,+18.967,+15.580,+1.001
1623295800,+3.51,+18.832,+15.498,+0.999
1623296700,+3.51,+18.604,+15.606,+1.003
1623297600,+3.51,+18.486,+15.521,+1.002
1623298500,+3.51,+18.419,+15.480,+1.004
1623299400,+3.51,+18.385,+15.366,+1.002
1623300300,+3.51,+18.377,+15.217,+1.000
1623301200,+3.51,+18.360,+15.172,+1.001
1623302100,+3.51,+18.351,+15.089,+1.001
1623303000,+3.51,+18.368,+15.036,+1.001
1623303900,+3.51,+18.394,+14.947,+1.000
1623304800,+3.51,+18.377,+14.946,+1.002
1623305700,+3.51,+18.377,+14.882,+1.002
1623306600,+3.51,+18.419,+14.774,+1.000
1623307500,+3.51,+18.419,+14.705,+1.000
1623308400,+3.51,+18.368,+14.647,+1.000
1623309300,+3.51,+18.335,+14.683,+1.004
1623310200,+3.51,+18.309,+14.553,+0.999
1623311100,+3.51,+18.250,+14.607,+1.001
1623312000,+3.51,+18.259,+14.569,+1.000
1623312900,+3.51,+18.216,+14.560,+0.999
1623313800,+3.51,+18.267,+14.572,+1.001
1623314700,+3.50,+18.301,+14.549,+1.001
1623315600,+3.51,+18.267,+14.553,+1.000
1623316500,+3.50,+18.309,+14.495,+0.999
1623317400,+3.51,+18.309,+14.519,+1.001
1623318300,+3.50,+18.351,+14.515,+1.002
1623319200,+3.50,+18.360,+14.483,+1.002
1623320100,+3.51,+18.360,+14.409,+0.999
1623321000,+3.50,+18.343,+14.411,+0.999
1623321900,+3.50,+18.343,+14.417,+1.001
1623322800,+3.51,+18.309,+14.346,+0.998
1623323700,+3.50,+18.292,+14.302,+0.998
1623324600,+3.50,+18.284,+14.321,+1.002
1623325500,+3.50,+18.250,+14.193,+0.999
1623326400,+3.50,+18.208,+14.177,+1.001
1623327300,+3.51,+18.250,+14.022,+0.998
1623328200,+3.50,+18.276,+13.898,+0.998
1623329100,+3.50,+18.368,+13.794,+1.000
1623330000,+3.50,+18.419,+13.593,+0.998
1623330900,+3.50,+18.427,+13.505,+1.004
1623331800,+3.50,+18.368,+13.207,+0.997
1623332700,+3.50,+18.191,+13.041,+0.996
1623333600,+3.50,+18.191,+12.848,+0.998
1623334500,+3.50,+18.351,+12.556,+0.998
1623335400,+3.50,+18.512,+12.190,+0.995
1623336300,+3.50,+18.562,+11.957,+0.997
1623337200,+3.50,+18.613,+11.722,+1.001
1623338100,+3.50,+18.621,+11.450,+0.999
1623339000,+3.50,+18.739,+11.141,+0.996
1623339900,+3.50,+18.705,+10.934,+0.998
1623340800,+3.50,+18.604,+10.761,+0.996
1623341700,+3.50,+18.705,+10.572,+0.998
1623342600,+3.50,+18.638,+10.427,+0.996
1623343500,+3.50,+18.655,+10.314,+0.997
1623344400,+3.50,+18.731,+10.245,+0.998
1623345300,+3.50,+18.840,+10.138,+0.997
1623346200,+3.51,+16.973, +8.988,+0.993
1623347100,+3.50,+14.492, +9.467,+0.991
1623348000,+3.50,+14.595, +9.452,+0.993
1623348900,+3.50,+15.412, +9.323,+0.993
1623349800,+3.50,+15.635, +9.289,+0.992
1623350700,+3.50,+16.531, +9.122,+0.993
1623351600,+3.50,+16.862, +9.129,+0.995
1623352500,+3.50,+17.481, +8.968,+0.994
1623353400,+3.50,+17.219, +9.014,+0.994
1623354300,+3.50,+17.253, +9.022,+0.995
1623355200,+3.50,+17.083, +9.080,+0.996
1623356100,+3.50,+17.659, +8.991,+0.997
1623357000,+3.50,+18.284, +8.852,+0.996
1623357900,+3.50,+18.756, +8.814,+0.998
1623358800,+3.50,+19.311, +8.740,+0.998
1623359700,+3.50,+24.505, +8.249,+1.000
1623360600,+3.51,+23.465, +8.896,+0.999
1623361500,+3.51,+22.961, +9.450,+0.997
1623362400,+3.51,+21.418,+10.205,+0.994
1623363300,+3.51,+20.303,+10.863,+0.996
1623364200,+3.51,+20.068,+11.263,+0.997
1623365100,+3.51,+20.110,+11.572,+0.999
1623366000,+3.51,+20.597,+11.763,+0.999
1623366900,+3.51,+20.026,+12.213,+0.999
1623367800,+3.51,+19.597,+12.505,+0.997
1623368700,+3.51,+19.908,+12.711,+0.998
1623369600,+3.51,+20.294,+12.873,+0.998
1623370500,+3.51,+20.496,+13.090,+0.997
1623371400,+3.51,+20.437,+13.484,+1.002
1623372300,+3.51,+20.336,+13.624,+0.996
1623373200,+3.51,+20.261,+13.933,+0.999
1623374100,+3.51,+20.143,+14.204,+0.999
1623375000,+3.51,+20.076,+14.356,+1.000
1623375900,+3.51,+20.043,+14.426,+0.998
1623376800,+3.51,+19.942,+14.603,+1.002
1623377700,+3.51,+19.816,+14.752,+1.003
