7392-122893
OS REV: 1.11 Sensor Cal: 1439861837
Time (sec),  BV (Volts),  T (deg C),  DO (mg/l),  Q ()
1623902400,+3.51,+11.740, +9.267,+1.002
1623903300,+3.51,+11.713, +9.281,+1.003
1623904200,+3.51,+11.515, +8.949,+1.003
1623905100,+3.51,+11.090, +8.207,+1.001
1623906000,+3.51,+10.972, +7.766,+1.002
1623906900,+3.51,+10.899, +7.247,+1.002
1623907800,+3.50,+10.881, +6.944,+1.003
1623908700,+3.50,+10.890, +6.387,+1.003
1623909600,+3.50,+11.117, +5.637,+1.003
1623910500,+3.50,+11.108, +4.887,+1.001
1623911400,+3.50,+11.181, +4.137,+1.000
1623912300,+3.50,+11.017, +4.240,+1.002
1623913200,+3.50,+11.298, +3.629,+1.002
1623914100,+3.50,+11.515, +2.938,+1.001
1623915000,+3.50,+11.623, +3.392,+1.004
1623915900,+3.50,+11.244, +3.616,+1.003
1623916800,+3.50,+11.063, +4.436,+1.003
1623917700,+3.50,+11.217, +5.388,+1.004
1623918600,+3.50,+11.379, +4.228,+1.004
1623919500,+3.49,+11.551, +3.628,+1.004
1623920400,+3.49,+11.199, +4.697,+1.002
1623921300,+3.49,+11.190, +6.318,+1.003
1623922200,+3.49,+11.226, +6.770,+1.004
1623923100,+3.49,+11.307, +6.573,+1.004
1623924000,+3.49,+11.307, +6.225,+1.004
1623924900,+3.49,+11.352, +5.897,+1.004
1623925800,+3.49,+11.443, +4.278,+1.003
1623926700,+3.49,+11.641, +3.495,+1.003
1623927600,+3.49,+11.677, +3.566,+1.003
1623928500,+3.49,+11.470, +3.253,+1.002
1623929400,+3.49,+11.479, +2.969,+1.002
1623930300,+3.49,+11.452, +3.243,+1.003
1623931200,+3.49,+11.443, +5.040,+1.002
1623932100,+3.49,+11.479, +4.332,+1.003
1623933000,+3.49,+11.551, +2.965,+1.003
1623933900,+3.49,+11.533, +2.796,+1.002
1623934800,+3.49,+11.506, +2.585,+1.001
1623935700,+3.48,+11.632, +2.250,+1.000
1623936600,+3.48,+11.722, +1.993,+0.999
1623937500,+3.48,+11.659, +2.311,+0.999
1623938400,+3.48,+11.596, +3.025,+1.002
1623939300,+3.48,+11.650, +2.880,+1.002
1623940200,+3.48,+11.524, +4.960,+1.002
1623941100,+3.48,+11.542, +5.170,+1.003
1623942000,+3.48,+11.578, +5.113,+1.004
1623942900,+3.48,+11.578, +5.231,+1.003
1623943800,+3.48,+11.686, +5.327,+1.004
1623944700,+3.48,+11.722, +5.622,+1.003
1623945600,+3.48,+11.838, +6.495,+1.005
1623946500,+3.49,+11.991, +6.911,+1.003
1623947400,+3.48,+12.053, +6.808,+1.004
1623948300,+3.48,+12.107, +6.784,+1.004
1623949200,+3.48,+12.071, +6.553,+1.003
1623950100,+3.48,+12.151, +6.361,+1.003
1623951000,+3.48,+12.472, +8.154,+1.003
1623951900,+3.48,+12.676, +9.157,+1.004
1623952800,+3.48,+12.915, +9.376,+1.003
1623953700,+3.48,+13.030, +9.597,+1.003
1623954600,+3.48,+13.039, +9.013,+1.004
1623955500,+3.48,+13.189, +9.343,+1.004
1623956400,+3.48,+13.418,+10.130,+1.004
1623957300,+3.48,+13.584,+10.067,+1.002
1623958200,+3.48,+13.681, +9.428,+1.004
1623959100,+3.48,+14.022, +9.748,+1.004
1623960000,+3.48,+14.562,+10.458,+1.005
1623960900,+3.48,+15.392,+11.168,+1.005
1623961800,+3.48,+15.565,+11.152,+1.005
1623962700,+3.48,+16.620,+12.674,+1.008
1623963600,+3.49,+17.728,+13.959,+1.006
1623964500,+3.49,+18.526,+15.148,+1.011
1623965400,+3.49,+19.373,+15.963,+1.010
1623966300,+3.49,+20.336,+16.450,+1.014
1623967200,+3.49,+21.197,+16.408,+1.015
1623968100,+3.49,+22.015,+16.339,+1.015
1623969000,+3.50,+22.580,+16.316,+1.012
1623969900,+3.50,+22.841,+16.260,+1.016
1623970800,+3.50,+23.667,+18.421,+1.015
1623971700,+3.50,+24.291,+19.676,+1.019
1623972600,+3.50,+24.552,+17.705,+1.017
1623973500,+3.51,+24.796,+16.658,+1.016
1623974400,+3.51,+24.400,+16.595,+1.012
1623975300,+3.51,+23.338,+15.743,+1.009
1623976200,+3.51,+24.147,+16.472,+1.016
1623977100,+3.51,+23.557,+16.477,+1.011
1623978000,+3.51,+23.279,+17.974,+1.016
1623978900,+3.52,+22.993,+18.057,+1.016
1623979800,+3.52,+21.863,+18.635,+1.011
1623980700,+3.52,+21.079,+18.280,+1.013
1623981600,+3.52,+19.238,+17.379,+1.013
1623982500,+3.52,+17.414,+16.644,+1.009
1623983400,+3.52,+16.620,+15.344,+1.006
1623984300,+3.52,+15.384,+13.305,+1.002
1623985200,+3.51,+14.779,+12.549,+1.002
1623986100,+3.51,+14.371,+12.162,+1.004
1623987000,+3.51,+14.039,+11.793,+1.004
1623987900,+3.51,+13.698,+11.391,+1.002
1623988800,+3.51,+13.593,+11.225,+1.003
