7392-122893
OS REV: 1.11 Sensor Cal: 1439861837
Time (sec),  BV (Volts),  T (deg C),  DO (mg/l),  Q ()
1623815100,+3.50,+11.226, +8.332,+1.003
1623816000,+3.50,+11.017, +7.762,+1.003
1623816900,+3.50,+10.908, +7.380,+1.003
1623817800,+3.50,+10.854, +7.090,+1.003
1623818700,+3.50,+10.917, +6.735,+1.004
1623819600,+3.50,+11.126, +6.346,+1.004
1623820500,+3.50,+11.108, +5.440,+1.003
1623821400,+3.50,+11.398, +5.073,+1.004
1623822300,+3.50,+11.271, +4.363,+1.003
1623823200,+3.50,+11.416, +4.449,+1.004
1623824100,+3.49,+11.524, +3.389,+1.002
1623825000,+3.49,+11.560, +3.089,+1.003
1623825900,+3.49,+11.650, +3.018,+1.002
1623826800,+3.49,+11.605, +3.071,+1.002
1623827700,+3.49,+11.686, +3.013,+1.002
1623828600,+3.49,+11.677, +3.120,+1.003
1623829500,+3.49,+11.461, +3.500,+1.003
1623830400,+3.49,+11.865, +3.653,+1.005
1623831300,+3.49,+11.820, +3.944,+1.004
1623832200,+3.49,+11.874, +4.493,+1.004
1623833100,+3.49,+11.856, +4.495,+1.004
1623834000,+3.49,+11.802, +4.399,+1.005
1623834900,+3.49,+11.749, +3.922,+1.003
1623835800,+3.49,+11.722, +3.748,+1.003
1623836700,+3.49,+11.793, +3.897,+1.004
1623837600,+3.49,+11.775, +3.011,+1.003
1623838500,+3.49,+11.749, +4.132,+1.003
1623839400,+3.49,+11.740, +4.098,+1.004
1623840300,+3.49,+11.731, +4.213,+1.004
1623841200,+3.48,+11.722, +3.190,+1.003
1623842100,+3.48,+11.713, +2.660,+1.001
1623843000,+3.49,+11.740, +2.629,+1.002
1623843900,+3.48,+11.713, +3.198,+1.003
1623844800,+3.48,+11.632, +2.899,+1.002
1623845700,+3.48,+11.569, +2.860,+1.002
1623846600,+3.48,+11.578, +3.221,+1.003
1623847500,+3.48,+11.614, +3.790,+1.003
1623848400,+3.48,+11.605, +4.044,+1.004
1623849300,+3.48,+11.632, +3.861,+1.004
1623850200,+3.48,+11.659, +3.691,+1.003
1623851100,+3.48,+11.668, +3.264,+1.003
1623852000,+3.48,+11.623, +2.884,+1.002
1623852900,+3.48,+11.623, +2.870,+1.002
1623853800,+3.48,+11.614, +2.954,+1.003
1623854700,+3.48,+11.641, +3.220,+1.003
1623855600,+3.48,+11.695, +2.991,+1.002
1623856500,+3.48,+11.722, +2.944,+1.003
1623857400,+3.48,+11.650, +2.891,+1.003
1623858300,+3.48,+11.731, +3.355,+1.003
1623859200,+3.48,+11.650, +3.783,+1.003
1623860100,+3.48,+11.973, +5.918,+1.004
1623861000,+3.48,+11.856, +6.312,+1.004
1623861900,+3.48,+11.955, +6.264,+1.003
1623862800,+3.48,+12.116, +6.938,+1.003
1623863700,+3.48,+12.214, +7.149,+1.004
1623864600,+3.48,+12.232, +6.884,+1.003
1623865500,+3.48,+12.232, +6.820,+1.002
1623866400,+3.48,+12.312, +7.404,+1.003
1623867300,+3.48,+12.818, +9.451,+1.003
1623868200,+3.48,+13.171,+10.308,+1.005
1623869100,+3.48,+13.426,+10.592,+1.004
1623870000,+3.48,+13.663,+10.422,+1.004
1623870900,+3.48,+14.657,+10.732,+1.005
1623871800,+3.48,+16.440,+13.098,+1.006
1623872700,+3.48,+17.021,+13.798,+1.008
1623873600,+3.48,+17.881,+14.604,+1.010
1623874500,+3.49,+18.382,+15.159,+1.011
1623875400,+3.49,+19.373,+15.565,+1.010
1623876300,+3.49,+20.750,+17.451,+1.012
1623877200,+3.49,+21.576,+17.458,+1.012
1623878100,+3.49,+22.015,+17.502,+1.016
1623879000,+3.49,+22.504,+17.367,+1.017
1623879900,+3.50,+22.892,+17.579,+1.011
1623880800,+3.50,+23.321,+17.582,+1.014
1623881700,+3.50,+23.768,+17.213,+1.017
1623882600,+3.50,+24.147,+15.877,+1.016
1623883500,+3.51,+24.206,+15.075,+1.011
1623884400,+3.51,+23.608,+16.899,+1.013
1623885300,+3.51,+23.541,+16.686,+1.013
1623886200,+3.51,+23.608,+14.877,+1.010
1623887100,+3.51,+23.574,+15.344,+1.013
1623888000,+3.51,+23.734,+13.808,+1.007
1623888900,+3.51,+23.583,+14.806,+1.011
1623889800,+3.52,+23.397,+15.344,+1.010
1623890700,+3.52,+23.170,+15.270,+1.011
1623891600,+3.52,+21.703,+16.870,+1.011
1623892500,+3.52,+20.345,+16.878,+1.010
1623893400,+3.52,+18.670,+16.398,+1.009
1623894300,+3.52,+15.194,+13.410,+1.002
1623895200,+3.52,+14.092,+11.971,+1.000
1623896100,+3.52,+13.514,+11.283,+1.003
1623897000,+3.52,+13.030,+10.750,+1.002
1623897900,+3.51,+12.463,+10.051,+1.002
1623898800,+3.51,+11.865, +9.174,+1.003
1623899700,+3.51,+11.623, +8.819,+1.002
1623900600,+3.51,+11.587, +8.899,+1.004
1623901500,+3.51,+11.749, +9.259,+1.004
