7450-914536
OS REV: 1.05 Sensor Cal: 1620327588
Time (sec),  BV (Volts),  T (deg C),  DO (mg/l),  Q ()
1629434760,+3.52,+23.491, +8.434,+0.930
1629435660,+3.52,+23.433, +8.441,+0.929
1629436560,+3.52,+23.374, +8.459,+0.930
1629437460,+3.52,+23.349, +8.457,+0.929
1629438360,+3.52,+23.307, +8.472,+0.929
1629439260,+3.52,+23.282, +8.478,+0.930
1629440160,+3.52,+23.223, +8.502,+0.930
1629441060,+3.52,+23.198, +8.497,+0.929
1629441960,+3.52,+23.123, +8.522,+0.930
1629442860,+3.52,+23.098, +8.529,+0.929
1629443760,+3.52,+23.073, +8.531,+0.929
1629444660,+3.52,+23.039, +8.548,+0.930
1629445560,+3.52,+22.997, +8.554,+0.929
1629446460,+3.52,+22.947, +8.576,+0.929
1629447360,+3.52,+22.905, +8.595,+0.930
1629448260,+3.52,+22.855, +8.599,+0.929
1629449160,+3.52,+22.813, +8.616,+0.930
1629450060,+3.52,+22.771, +8.607,+0.929
1629450960,+3.52,+22.729, +8.623,+0.929
1629451860,+3.52,+22.704, +8.609,+0.928
1629452760,+3.53,+22.671, +8.625,+0.929
1629453660,+3.53,+22.629, +8.645,+0.929
1629454560,+3.53,+22.579, +8.654,+0.929
1629455460,+3.53,+22.545, +8.675,+0.930
1629456360,+3.53,+22.512, +8.676,+0.929
1629457260,+3.53,+22.478, +8.669,+0.929
1629458160,+3.53,+22.437, +8.686,+0.929
1629459060,+3.53,+22.403, +8.700,+0.930
1629459960,+3.53,+22.370, +8.696,+0.929
1629460860,+3.53,+22.336, +8.701,+0.929
1629461760,+3.53,+22.286, +8.703,+0.929
1629462660,+3.53,+22.261, +8.723,+0.930
1629463560,+3.53,+22.219, +8.721,+0.929
1629464460,+3.53,+22.177, +8.731,+0.929
1629465360,+3.53,+22.161, +8.734,+0.929
1629466260,+3.52,+22.110, +8.753,+0.930
1629467160,+3.52,+22.068, +8.741,+0.929
1629468060,+3.52,+22.043, +8.754,+0.929
1629468960,+3.52,+22.027, +8.761,+0.930
1629469860,+3.52,+21.985, +8.762,+0.929
1629470760,+3.53,+21.960, +8.768,+0.929
1629471660,+3.52,+21.960, +8.755,+0.929
1629472560,+3.52,+21.943, +8.767,+0.929
1629473460,+3.52,+21.876, +8.772,+0.929
1629474360,+3.53,+21.876, +8.782,+0.929
1629475260,+3.53,+21.818, +8.787,+0.929
1629476160,+3.53,+21.818, +8.785,+0.929
1629477060,+3.53,+21.818, +8.790,+0.929
1629477960,+3.53,+21.809, +8.792,+0.929
1629478860,+3.53,+21.784, +8.790,+0.929
1629479760,+3.53,+21.801, +8.773,+0.928
1629480660,+3.53,+21.767, +8.786,+0.929
1629481560,+3.53,+21.792, +8.792,+0.929
1629482460,+3.53,+21.784, +8.796,+0.929
1629483360,+3.53,+21.792, +8.772,+0.929
1629484260,+3.53,+21.818, +8.773,+0.929
1629485160,+3.53,+21.809, +8.771,+0.929
1629486060,+3.53,+21.826, +8.773,+0.929
1629486960,+3.53,+21.859, +8.771,+0.929
1629487860,+3.52,+21.893, +8.767,+0.929
1629488760,+3.52,+21.976, +8.755,+0.929
1629489660,+3.52,+22.052, +8.730,+0.928
1629490560,+3.52,+22.085, +8.721,+0.929
1629491460,+3.52,+22.102, +8.714,+0.928
1629492360,+3.52,+22.085, +8.723,+0.928
1629493260,+3.52,+22.052, +8.720,+0.928
1629494160,+3.52,+22.043, +8.730,+0.929
1629495060,+3.52,+22.068, +8.737,+0.929
1629495960,+3.52,+22.102, +8.724,+0.929
1629496860,+3.52,+22.085, +8.713,+0.928
1629497760,+3.52,+22.102, +8.711,+0.928
1629498660,+3.52,+22.110, +8.719,+0.929
1629499560,+3.53,+22.152, +8.708,+0.928
1629500460,+3.52,+22.144, +8.709,+0.928
1629501360,+3.53,+22.169, +8.697,+0.928
1629502260,+3.53,+22.177, +8.702,+0.928
1629503160,+3.53,+22.169, +8.692,+0.928
1629504060,+3.53,+22.161, +8.704,+0.928
1629504960,+3.52,+22.135, +8.707,+0.929
1629505860,+3.52,+22.102, +8.703,+0.928
1629506760,+3.52,+22.077, +8.718,+0.929
1629507660,+3.53,+22.043, +8.718,+0.928
1629508560,+3.53,+22.035, +8.721,+0.929
1629509460,+3.52,+22.018, +8.726,+0.928
1629510360,+3.52,+22.060, +8.719,+0.929
1629511260,+3.52,+22.068, +8.707,+0.928
1629512160,+3.52,+22.027, +8.727,+0.929
1629513060,+3.52,+22.010, +8.727,+0.929
1629513960,+3.52,+21.968, +8.743,+0.929
1629514860,+3.53,+21.935, +8.731,+0.928
1629515760,+3.53,+21.876, +8.745,+0.929
1629516660,+3.53,+21.826, +8.755,+0.928
1629517560,+3.53,+21.809, +8.763,+0.929
1629518460,+3.53,+21.759, +8.760,+0.928
1629519360,+3.53,+21.700, +8.773,+0.928
1629520260,+3.53,+21.684, +8.787,+0.929
1629521160,+3.53,+21.650, +8.793,+0.929
