7392-122893
OS REV: 1.11 Sensor Cal: 1439861837
Time (sec),  BV (Volts),  T (deg C),  DO (mg/l),  Q ()
1622069100,+3.51,+11.811, +8.857,+1.002
1622070000,+3.51,+11.497, +8.611,+1.004
1622070900,+3.51,+11.325, +8.535,+1.002
1622071800,+3.51,+11.298, +8.604,+1.003
1622072700,+3.51,+11.153, +8.218,+1.003
1622073600,+3.51,+11.208, +8.314,+1.005
1622074500,+3.51,+11.289, +8.170,+1.004
1622075400,+3.51,+11.298, +8.295,+1.004
1622076300,+3.50,+11.325, +8.240,+1.004
1622077200,+3.51,+11.298, +8.240,+1.004
1622078100,+3.50,+11.253, +8.376,+1.003
1622079000,+3.50,+11.298, +8.069,+1.004
1622079900,+3.50,+11.334, +7.569,+1.004
1622080800,+3.50,+11.361, +7.414,+1.004
1622081700,+3.50,+11.379, +7.583,+1.004
1622082600,+3.50,+11.425, +7.060,+1.004
1622083500,+3.50,+11.452, +7.870,+1.004
1622084400,+3.50,+11.452, +5.837,+1.004
1622085300,+3.50,+11.452, +7.525,+1.003
1622086200,+3.50,+11.533, +8.682,+1.005
1622087100,+3.50,+11.596, +8.645,+1.004
1622088000,+3.50,+11.587, +8.091,+1.004
1622088900,+3.49,+11.569, +7.179,+1.004
1622089800,+3.49,+11.605, +6.657,+1.003
1622090700,+3.49,+11.569, +6.908,+1.004
1622091600,+3.49,+11.452, +7.034,+1.003
1622092500,+3.49,+11.425, +7.536,+1.003
1622093400,+3.49,+11.298, +6.609,+1.005
1622094300,+3.49,+11.334, +6.172,+1.003
1622095200,+3.49,+11.325, +5.533,+1.004
1622096100,+3.49,+11.316, +5.819,+1.003
1622097000,+3.49,+11.343, +6.978,+1.003
1622097900,+3.49,+11.334, +7.299,+1.004
1622098800,+3.49,+11.343, +7.267,+1.004
1622099700,+3.49,+11.325, +7.376,+1.004
1622100600,+3.49,+11.343, +7.878,+1.004
1622101500,+3.49,+11.379, +7.889,+1.004
1622102400,+3.49,+11.370, +7.788,+1.004
1622103300,+3.49,+11.407, +7.603,+1.004
1622104200,+3.49,+11.470, +7.675,+1.004
1622105100,+3.48,+11.578, +7.631,+1.004
1622106000,+3.48,+11.623, +7.716,+1.004
1622106900,+3.48,+11.605, +7.445,+1.003
1622107800,+3.48,+11.596, +6.377,+1.005
1622108700,+3.48,+11.587, +6.494,+1.004
1622109600,+3.48,+11.551, +7.265,+1.004
1622110500,+3.48,+11.560, +7.471,+1.004
1622111400,+3.48,+11.587, +7.134,+1.004
1622112300,+3.48,+11.569, +7.013,+1.004
1622113200,+3.48,+11.605, +6.842,+1.004
1622114100,+3.48,+11.623, +6.780,+1.005
1622115000,+3.48,+11.641, +6.973,+1.004
1622115900,+3.48,+11.632, +6.924,+1.005
1622116800,+3.48,+11.686, +7.618,+1.004
1622117700,+3.48,+11.820, +8.176,+1.003
1622118600,+3.48,+11.910, +8.566,+1.003
1622119500,+3.48,+12.062, +8.793,+1.004
1622120400,+3.48,+12.098, +8.856,+1.004
1622121300,+3.48,+12.134, +8.869,+1.004
1622122200,+3.48,+12.178, +8.771,+1.004
1622123100,+3.48,+12.285, +8.907,+1.004
1622124000,+3.48,+12.339, +8.968,+1.005
1622124900,+3.48,+12.490, +9.139,+1.004
1622125800,+3.48,+12.596, +9.178,+1.004
1622126700,+3.48,+12.632, +9.135,+1.004
1622127600,+3.48,+12.667, +9.239,+1.004
1622128500,+3.48,+12.827, +9.355,+1.005
1622129400,+3.48,+12.924, +9.425,+1.003
1622130300,+3.48,+13.110, +9.571,+1.004
1622131200,+3.48,+13.347, +9.548,+1.003
1622132100,+3.48,+13.541, +9.637,+1.005
1622133000,+3.48,+13.584, +9.598,+1.004
1622133900,+3.48,+13.532, +9.533,+1.004
1622134800,+3.48,+13.576, +9.503,+1.003
1622135700,+3.48,+13.584, +9.500,+1.004
1622136600,+3.48,+13.576, +9.620,+1.004
1622137500,+3.48,+13.611, +9.909,+1.004
1622138400,+3.48,+13.698,+10.138,+1.004
1622139300,+3.48,+13.943,+10.246,+1.005
1622140200,+3.48,+14.127, +9.680,+1.004
1622141100,+3.48,+14.423, +9.334,+1.004
1622142000,+3.48,+14.666, +9.059,+1.003
1622142900,+3.48,+14.839, +8.922,+1.004
1622143800,+3.48,+14.761, +8.132,+1.002
1622144700,+3.48,+14.891, +5.323,+1.004
1622145600,+3.48,+15.392, +3.949,+1.005
1622146500,+3.49,+15.659, +2.711,+1.003
1622147400,+3.48,+15.960, +5.950,+1.003
1622148300,+3.48,+16.115, +5.604,+1.005
1622149200,+3.49,+16.432, +6.517,+1.005
1622150100,+3.49,+16.303, +5.063,+1.002
1622151000,+3.49,+16.432, +5.835,+1.000
1622151900,+3.49,+15.995, +6.614,+0.993
1622152800,+3.49,+15.444, +8.814,+1.003
1622153700,+3.49,+14.709, +9.963,+1.001
1622154600,+3.49,+14.188,+10.240,+1.003
1622155500,+3.49,+13.602, +9.826,+1.002
