7392-122893
OS REV: 1.11 Sensor Cal: 1439861837
Time (sec),  BV (Volts),  T (deg C),  DO (mg/l),  Q ()
1621981800,+3.49,+23.347, +8.087,+0.978
1621982700,+3.49,+23.920, +7.996,+0.979
1621983600,+3.49,+22.689, +8.166,+0.976
1621984500,+3.50,+21.973, +8.300,+0.978
1621985400,+3.50,+21.661, +8.318,+0.977
1621986300,+3.50,+21.517, +8.336,+0.976
1621987200,+3.50,+21.450, +8.374,+0.978
1621988100,+3.50,+21.492, +8.367,+0.978
1621989000,+3.50,+21.636, +8.350,+0.978
1621989900,+3.51,+21.711, +8.341,+0.978
1621990800,+3.51,+21.754, +8.375,+0.980
1621991700,+3.51,+21.804, +8.369,+0.979
1621992600,+3.51,+21.872, +8.355,+0.979
1621993500,+3.51,+21.947, +8.327,+0.979
1621994400,+3.51,+21.981, +8.300,+0.977
1621995300,+3.51,+22.032, +8.314,+0.977
1621996200,+3.51,+22.082, +8.337,+0.980
1621997100,+3.51,+22.124, +8.303,+0.978
1621998000,+3.51,+22.175, +8.324,+0.979
1621998900,+3.51,+22.183, +8.312,+0.978
1621999800,+3.51,+22.226, +8.314,+0.979
1622000700,+3.51,+22.251, +8.322,+0.980
1622001600,+3.51,+22.251, +8.303,+0.978
1622002500,+3.51,+22.276, +8.324,+0.979
1622003400,+3.51,+22.259, +8.330,+0.980
1622004300,+3.52,+22.268, +8.296,+0.977
1622005200,+3.52,+22.200, +8.314,+0.979
1622006100,+3.52,+22.234, +8.310,+0.979
1622007000,+3.52,+23.667, +8.094,+0.968
1622007900,+3.52,+26.945, +7.669,+1.003
1622008800,+3.52,+25.437, +7.901,+1.003
1622009700,+3.52,+24.206, +8.060,+1.003
1622010600,+3.52,+23.431, +8.152,+1.003
1622011500,+3.52,+23.035, +8.205,+1.003
1622012400,+3.52,+22.647, +8.271,+1.004
1622013300,+3.52,+22.369, +8.328,+1.005
1622014200,+3.52,+22.226, +8.329,+1.004
1622015100,+3.52,+22.049, +8.362,+1.005
1622016000,+3.52,+21.990, +8.375,+1.006
1622016900,+3.52,+21.880, +8.369,+1.004
1622017800,+3.52,+21.754, +8.402,+1.004
1622018700,+3.52,+21.737, +8.395,+1.004
1622019600,+3.52,+21.669, +8.389,+1.004
1622020500,+3.52,+21.619, +8.440,+1.006
1622021400,+3.52,+21.602, +8.409,+1.004
1622022300,+3.52,+21.534, +8.411,+1.003
1622023200,+3.52,+21.484, +8.443,+1.005
1622024100,+3.52,+21.425, +8.464,+1.005
1622025000,+3.52,+21.374, +8.462,+1.005
1622025900,+3.52,+21.307, +8.471,+1.005
1622026800,+3.52,+21.273, +8.489,+1.005
1622027700,+3.52,+21.248, +8.466,+1.004
1622028600,+3.52,+21.197, +8.477,+1.004
1622029500,+3.52,+21.138, +8.481,+1.003
1622030400,+3.52,+21.121, +8.492,+1.004
1622031300,+3.52,+21.037, +8.509,+1.005
1622032200,+3.52,+21.011, +8.487,+1.003
1622033100,+3.52,+20.961, +8.534,+1.005
1622034000,+3.52,+20.902, +8.523,+1.004
1622034900,+3.52,+20.834, +8.539,+1.005
1622035800,+3.52,+20.809, +8.542,+1.005
1622036700,+3.52,+20.758, +8.547,+1.004
1622037600,+3.52,+20.725, +8.557,+1.005
1622038500,+3.52,+20.809, +8.523,+1.004
1622039400,+3.52,+20.834, +8.539,+1.005
1622040300,+3.52,+20.986, +8.512,+1.006
1622041200,+3.52,+21.079, +8.497,+1.005
1622042100,+3.52,+21.130, +8.494,+1.006
1622043000,+3.52,+21.163, +8.470,+1.005
1622043900,+3.52,+21.155, +8.469,+1.004
1622044800,+3.52,+21.138, +8.474,+1.004
1622045700,+3.52,+21.163, +8.486,+1.005
1622046600,+3.52,+21.096, +8.496,+1.005
1622047500,+3.52,+21.028, +8.512,+1.006
1622048400,+3.52,+21.070, +8.475,+1.003
1622049300,+3.52,+21.054, +8.506,+1.005
1622050200,+3.52,+21.045, +8.498,+1.005
1622051100,+3.52,+21.189, +8.474,+1.005
1622052000,+3.52,+21.205, +8.497,+1.005
1622052900,+3.52,+19.897, +8.685,+1.004
1622053800,+3.52,+17.805, +8.980,+1.002
1622054700,+3.52,+17.073, +9.115,+1.004
1622055600,+3.52,+17.252, +9.043,+1.003
1622056500,+3.52,+16.192, +9.208,+1.001
1622057400,+3.52,+17.550,+10.000,+1.005
1622058300,+3.52,+18.068, +8.820,+1.004
1622059200,+3.52,+18.416, +8.830,+1.003
1622060100,+3.52,+18.654, +8.654,+1.003
1622061000,+3.52,+18.764,+10.594,+1.004
1622061900,+3.52,+18.611,+10.731,+1.003
1622062800,+3.52,+18.128,+11.220,+1.004
1622063700,+3.52,+17.660,+11.165,+1.006
1622064600,+3.52,+16.586,+13.012,+1.005
1622065500,+3.52,+15.935,+13.248,+1.006
1622066400,+3.52,+15.099,+12.408,+1.003
1622067300,+3.52,+13.251,+10.112,+1.000
1622068200,+3.51,+12.365, +9.465,+1.004
