7450-914536
OS REV: 1.05 Sensor Cal: 1620327588
Time (sec),  BV (Volts),  T (deg C),  DO (mg/l),  Q ()
1628299860,+3.52,+14.862, +9.165,+0.935
1628300760,+3.52,+14.870, +8.984,+0.935
1628301660,+3.52,+14.888, +8.786,+0.935
1628302560,+3.52,+14.896, +8.759,+0.935
1628303460,+3.52,+14.913, +8.662,+0.935
1628304360,+3.52,+14.905, +8.635,+0.935
1628305260,+3.52,+14.948, +8.567,+0.935
1628306160,+3.52,+14.956, +8.356,+0.935
1628307060,+3.52,+14.931, +8.261,+0.935
1628307960,+3.52,+14.939, +8.107,+0.935
1628308860,+3.52,+14.965, +7.907,+0.935
1628309760,+3.52,+14.965, +7.669,+0.935
1628310660,+3.52,+14.991, +7.698,+0.935
1628311560,+3.52,+14.965, +7.358,+0.935
1628312460,+3.52,+14.991, +7.062,+0.935
1628313360,+3.52,+15.017, +6.906,+0.935
1628314260,+3.52,+15.025, +6.783,+0.936
1628315160,+3.52,+15.034, +6.918,+0.936
1628316060,+3.52,+15.017, +7.055,+0.935
1628316960,+3.52,+14.974, +7.050,+0.935
1628317860,+3.52,+14.965, +7.104,+0.935
1628318760,+3.52,+14.956, +6.779,+0.936
1628319660,+3.52,+14.999, +6.666,+0.935
1628320560,+3.51,+15.060, +6.088,+0.936
1628321460,+3.51,+15.094, +5.469,+0.937
1628322360,+3.51,+15.120, +5.353,+0.936
1628323260,+3.51,+15.120, +5.000,+0.937
1628324160,+3.51,+15.154, +4.848,+0.937
1628325060,+3.51,+15.085, +5.438,+0.937
1628325960,+3.51,+15.103, +5.773,+0.936
1628326860,+3.51,+15.128, +5.515,+0.937
1628327760,+3.51,+15.163, +4.814,+0.938
1628328660,+3.51,+15.171, +4.217,+0.938
1628329560,+3.51,+15.197, +4.102,+0.938
1628330460,+3.51,+15.206, +3.894,+0.939
1628331360,+3.51,+15.214, +3.794,+0.939
1628332260,+3.51,+15.206, +3.785,+0.938
1628333160,+3.51,+15.214, +3.812,+0.938
1628334060,+3.51,+15.249, +3.471,+0.939
1628334960,+3.51,+15.257, +2.987,+0.939
1628335860,+3.51,+15.266, +2.817,+0.939
1628336760,+3.51,+15.274, +2.539,+0.939
1628337660,+3.51,+15.317, +2.409,+0.938
1628338560,+3.51,+15.300, +4.757,+0.937
1628339460,+3.51,+15.532, +4.265,+0.938
1628340360,+3.51,+16.172, +6.867,+0.935
1628341260,+3.51,+16.462, +7.386,+0.934
1628342160,+3.51,+16.793, +7.844,+0.935
1628343060,+3.51,+17.048, +7.946,+0.934
1628343960,+3.51,+17.208, +7.743,+0.934
1628344860,+3.51,+17.302, +7.521,+0.934
1628345760,+3.51,+17.395, +7.876,+0.934
1628346660,+3.51,+17.471, +8.218,+0.934
1628347560,+3.51,+17.361, +8.288,+0.934
1628348460,+3.51,+17.276, +8.433,+0.934
1628349360,+3.51,+17.327, +8.541,+0.934
1628350260,+3.51,+17.437, +8.576,+0.934
1628351160,+3.51,+17.479, +8.612,+0.934
1628352060,+3.51,+17.505, +8.650,+0.934
1628352960,+3.51,+17.547, +8.743,+0.934
1628353860,+3.51,+17.623, +8.946,+0.934
1628354760,+3.51,+17.733, +9.399,+0.933
1628355660,+3.51,+17.792, +9.969,+0.934
1628356560,+3.51,+17.834,+10.591,+0.933
1628357460,+3.51,+17.910,+11.095,+0.934
1628358360,+3.51,+18.146,+11.603,+0.933
1628359260,+3.51,+18.516,+12.577,+0.934
1628360160,+3.51,+18.743,+13.397,+0.934
1628361060,+3.51,+18.794,+13.514,+0.935
1628361960,+3.51,+18.811,+13.402,+0.935
1628362860,+3.51,+18.878,+13.422,+0.934
1628363760,+3.51,+18.928,+13.426,+0.934
1628364660,+3.51,+18.945,+13.342,+0.934
1628365560,+3.51,+18.928,+13.121,+0.934
1628366460,+3.51,+18.424,+12.140,+0.933
1628367360,+3.51,+18.222,+11.602,+0.934
1628368260,+3.51,+18.095,+11.770,+0.933
1628369160,+3.51,+18.255,+13.516,+0.934
1628370060,+3.51,+17.851,+10.086,+0.933
1628370960,+3.51,+17.572, +8.970,+0.934
1628371860,+3.52,+17.022, +8.636,+0.933
1628372760,+3.51,+16.623, +8.460,+0.934
1628373660,+3.52,+16.036, +8.345,+0.934
1628374560,+3.52,+15.051, +8.309,+0.934
1628375460,+3.51,+14.499, +8.243,+0.934
1628376360,+3.52,+14.231, +8.122,+0.935
1628377260,+3.52,+14.075, +7.988,+0.935
1628378160,+3.52,+13.954, +8.000,+0.935
1628379060,+3.52,+13.893, +8.041,+0.936
1628379960,+3.52,+13.832, +7.986,+0.936
1628380860,+3.52,+13.858, +7.991,+0.936
1628381760,+3.52,+13.988, +7.959,+0.935
1628382660,+3.52,+14.066, +8.102,+0.936
1628383560,+3.52,+13.875, +7.903,+0.935
1628384460,+3.52,+13.693, +7.813,+0.936
1628385360,+3.52,+13.597, +7.748,+0.936
1628386260,+3.52,+13.527, +7.899,+0.936
