7450-914536
OS REV: 1.05 Sensor Cal: 1620327588
Time (sec),  BV (Volts),  T (deg C),  DO (mg/l),  Q ()
1628474460,+3.51,+13.387, +9.467,+0.933
1628475360,+3.51,+13.378, +9.392,+0.933
1628476260,+3.51,+13.352, +9.316,+0.933
1628477160,+3.51,+13.343, +9.210,+0.934
1628478060,+3.51,+13.352, +9.106,+0.932
1628478960,+3.51,+13.361, +9.068,+0.933
1628479860,+3.51,+13.343, +9.017,+0.933
1628480760,+3.51,+13.370, +8.981,+0.933
1628481660,+3.51,+13.387, +8.557,+0.932
1628482560,+3.51,+13.370, +8.667,+0.934
1628483460,+3.51,+13.396, +8.490,+0.933
1628484360,+3.51,+13.405, +8.252,+0.932
1628485260,+3.51,+13.431, +7.995,+0.932
1628486160,+3.51,+13.457, +7.829,+0.931
1628487060,+3.51,+13.466, +7.754,+0.931
1628487960,+3.51,+13.483, +7.612,+0.931
1628488860,+3.51,+13.483, +7.550,+0.932
1628489760,+3.51,+13.492, +7.561,+0.933
1628490660,+3.51,+13.518, +7.329,+0.931
1628491560,+3.51,+13.527, +7.158,+0.932
1628492460,+3.51,+13.544, +6.922,+0.931
1628493360,+3.51,+13.562, +6.750,+0.931
1628494260,+3.51,+13.562, +6.574,+0.930
1628495160,+3.51,+13.570, +6.517,+0.931
1628496060,+3.51,+13.579, +6.353,+0.930
1628496960,+3.51,+13.605, +6.216,+0.930
1628497860,+3.51,+13.597, +6.235,+0.931
1628498760,+3.51,+13.579, +5.918,+0.929
1628499660,+3.51,+13.605, +5.896,+0.931
1628500560,+3.51,+13.570, +6.123,+0.933
1628501460,+3.51,+13.579, +6.153,+0.933
1628502360,+3.51,+13.579, +6.104,+0.934
1628503260,+3.51,+13.597, +5.789,+0.933
1628504160,+3.51,+13.614, +5.806,+0.932
1628505060,+3.51,+13.658, +5.405,+0.931
1628505960,+3.51,+13.649, +5.323,+0.930
1628506860,+3.51,+13.640, +4.848,+0.927
1628507760,+3.51,+13.640, +5.030,+0.931
1628508660,+3.51,+13.666, +5.059,+0.933
1628509560,+3.51,+13.623, +5.198,+0.934
1628510460,+3.51,+13.666, +5.054,+0.934
1628511360,+3.51,+13.684, +4.652,+0.932
1628512260,+3.51,+13.684, +4.430,+0.932
1628513160,+3.51,+13.693, +4.092,+0.931
1628514060,+3.51,+13.719, +3.784,+0.930
1628514960,+3.51,+13.719, +3.835,+0.930
1628515860,+3.51,+13.736, +3.670,+0.929
1628516760,+3.51,+13.736, +3.241,+0.927
1628517660,+3.51,+13.814, +2.989,+0.928
1628518560,+3.51,+14.672, +5.952,+0.931
1628519460,+3.51,+14.913, +6.448,+0.930
1628520360,+3.51,+15.034, +6.914,+0.930
1628521260,+3.51,+15.060, +7.116,+0.931
1628522160,+3.50,+15.146, +7.316,+0.933
1628523060,+3.50,+15.395, +7.698,+0.932
1628523960,+3.50,+15.617, +7.985,+0.933
1628524860,+3.50,+15.626, +8.006,+0.933
1628525760,+3.50,+15.609, +8.101,+0.934
1628526660,+3.50,+15.694, +8.329,+0.934
1628527560,+3.51,+15.797, +8.707,+0.934
1628528460,+3.51,+15.908, +9.166,+0.933
1628529360,+3.51,+16.019, +9.691,+0.932
1628530260,+3.51,+16.189,+10.331,+0.932
1628531160,+3.50,+16.453,+11.364,+0.932
1628532060,+3.50,+16.810,+12.583,+0.930
1628532960,+3.51,+17.115,+13.688,+0.932
1628533860,+3.50,+17.555,+14.906,+0.933
1628534760,+3.51,+18.062,+16.098,+0.934
1628535660,+3.50,+18.727,+17.072,+0.931
1628536560,+3.50,+19.373,+17.572,+0.934
1628537460,+3.50,+19.667,+18.953,+0.937
1628538360,+3.50,+20.220,+19.553,+0.937
1628539260,+3.50,+20.638,+20.016,+0.937
1628540160,+3.50,+20.831,+20.144,+0.937
1628541060,+3.51,+21.157,+20.499,+0.937
1628541960,+3.50,+21.483,+20.622,+0.938
1628542860,+3.50,+21.709,+20.276,+0.937
1628543760,+3.51,+21.307,+19.071,+0.936
1628544660,+3.51,+19.910,+17.413,+0.934
1628545560,+3.51,+19.742,+17.734,+0.936
1628546460,+3.51,+20.019,+17.879,+0.936
1628547360,+3.51,+17.910,+14.454,+0.932
1628548260,+3.51,+17.132,+12.961,+0.931
1628549160,+3.51,+16.428,+10.831,+0.933
1628550060,+3.51,+16.164,+10.402,+0.933
1628550960,+3.51,+15.446, +9.819,+0.933
1628551860,+3.52,+14.681, +9.681,+0.933
1628552760,+3.52,+13.901, +8.909,+0.934
1628553660,+3.52,+13.745, +8.816,+0.934
1628554560,+3.52,+13.570, +8.562,+0.934
1628555460,+3.51,+13.440, +8.487,+0.935
1628556360,+3.51,+13.256, +8.260,+0.935
1628557260,+3.51,+13.335, +8.291,+0.935
1628558160,+3.51,+13.335, +8.280,+0.935
1628559060,+3.51,+13.440, +8.328,+0.935
1628559960,+3.51,+13.483, +8.442,+0.935
1628560860,+3.51,+13.501, +8.151,+0.935
