7392-798741
OS REV: 1.11 Sensor Cal: 1438807124
Time (sec),  BV (Volts),  T (deg C),  DO (mg/l),  Q ()
1618093860,+3.46, +9.159,+11.446,+1.000
1618094760,+3.46, +9.113,+11.967,+1.001
1618095660,+3.46, +9.001,+12.390,+1.000
1618096560,+3.46, +9.001,+12.523,+1.000
1618097460,+3.46, +9.020,+12.133,+1.000
1618098360,+3.45, +9.020,+11.680,+1.000
1618099260,+3.46, +8.843,+11.042,+0.999
1618100160,+3.46, +8.740,+10.899,+0.999
1618101060,+3.45, +8.721,+10.696,+0.998
1618101960,+3.46, +8.674,+10.688,+0.999
1618102860,+3.46, +8.590,+10.589,+0.999
1618103760,+3.45, +8.506,+10.577,+0.999
1618104660,+3.46, +8.459,+10.593,+0.999
1618105560,+3.46, +8.393,+10.346,+0.999
1618106460,+3.46, +8.393,+10.048,+0.999
1618107360,+3.45, +8.421, +9.931,+1.000
1618108260,+3.45, +8.421, +9.838,+0.998
1618109160,+3.45, +8.393,+10.078,+0.998
1618110060,+3.46, +8.421,+10.204,+0.998
1618110960,+3.46, +8.449,+10.484,+0.999
1618111860,+3.45, +8.600,+10.956,+0.999
1618112760,+3.45, +8.777,+11.469,+0.999
1618113660,+3.45, +8.824,+11.930,+1.000
1618114560,+3.45, +8.908,+12.028,+1.000
1618115460,+3.46, +8.954,+11.914,+0.999
1618116360,+3.46, +9.010,+11.866,+1.000
1618117260,+3.46, +9.001,+11.837,+1.000
1618118160,+3.46, +9.001,+11.665,+0.999
1618119060,+3.46, +9.001,+11.531,+0.999
1618119960,+3.46, +8.992,+11.333,+0.999
1618120860,+3.46, +9.010,+11.139,+0.998
1618121760,+3.46, +9.001,+10.989,+1.000
1618122660,+3.46, +8.954,+10.836,+0.999
1618123560,+3.46, +8.927,+10.788,+0.999
1618124460,+3.46, +8.880,+10.759,+0.999
1618125360,+3.45, +8.815,+10.831,+0.999
1618126260,+3.46, +8.787,+10.860,+0.999
1618127160,+3.46, +8.731,+10.929,+0.999
1618128060,+3.46, +8.684,+11.040,+1.000
1618128960,+3.46, +8.618,+11.023,+0.998
1618129860,+3.46, +8.590,+11.042,+1.000
1618130760,+3.46, +8.506,+10.916,+0.999
1618131660,+3.46, +8.431,+10.800,+1.000
1618132560,+3.46, +8.374,+10.720,+0.999
1618133460,+3.46, +8.308,+10.548,+0.998
1618134360,+3.46, +8.205,+10.523,+0.999
1618135260,+3.46, +8.186,+10.456,+0.999
1618136160,+3.46, +8.167,+10.302,+0.998
1618137060,+3.45, +8.157,+10.240,+0.999
1618137960,+3.46, +8.138,+10.151,+0.998
1618138860,+3.46, +8.101,+10.136,+0.999
1618139760,+3.45, +8.072,+10.087,+0.999
1618140660,+3.45, +8.006,+10.092,+0.998
1618141560,+3.45, +8.006,+10.106,+0.999
1618142460,+3.45, +7.987,+10.044,+0.998
1618143360,+3.46, +7.968,+10.074,+0.999
1618144260,+3.45, +7.930, +9.972,+0.998
1618145160,+3.45, +7.921,+10.381,+0.999
1618146060,+3.45, +7.911,+10.323,+0.999
1618146960,+3.45, +7.873,+10.372,+0.999
1618147860,+3.45, +7.845,+10.430,+0.997
1618148760,+3.45, +7.797,+10.457,+0.998
1618149660,+3.45, +7.769,+10.512,+0.998
1618150560,+3.45, +7.759,+10.587,+0.999
1618151460,+3.45, +7.769,+10.651,+0.999
1618152360,+3.45, +7.788,+10.704,+0.999
1618153260,+3.45, +7.759,+10.777,+1.000
1618154160,+3.45, +7.778,+10.688,+1.000
1618155060,+3.45, +7.759,+10.762,+1.000
1618155960,+3.45, +7.683,+10.744,+0.998
1618156860,+3.45, +7.721,+10.814,+0.999
1618157760,+3.45, +7.778,+10.868,+0.999
1618158660,+3.45, +7.854,+10.933,+1.000
1618159560,+3.45, +7.883,+10.887,+0.998
1618160460,+3.45, +7.940,+10.992,+0.999
1618161360,+3.45, +8.015,+11.059,+1.000
1618162260,+3.45, +8.148,+11.123,+0.999
1618163160,+3.45, +8.308,+11.277,+1.000
1618164060,+3.45, +8.478,+11.348,+0.999
1618164960,+3.45, +8.646,+11.546,+0.999
1618165860,+3.45, +8.805,+11.700,+0.999
1618166760,+3.45, +8.973,+11.769,+0.999
1618167660,+3.46, +9.187,+11.834,+0.998
1618168560,+3.46, +9.335,+12.208,+0.998
1618169460,+3.46, +9.455,+12.139,+0.999
1618170360,+3.46, +9.520,+12.248,+0.998
1618171260,+3.46, +9.621,+12.102,+0.999
1618172160,+3.46, +9.658,+12.150,+0.999
1618173060,+3.46, +9.695,+12.156,+0.998
1618173960,+3.46, +9.639,+12.289,+1.000
1618174860,+3.46, +9.603,+12.439,+0.998
1618175760,+3.46, +9.529,+12.636,+0.999
1618176660,+3.46, +9.473,+12.698,+0.999
1618177560,+3.46, +9.446,+12.652,+1.000
1618178460,+3.46, +9.418,+12.509,+1.000
1618179360,+3.46, +9.363,+12.486,+1.000
1618180260,+3.46, +9.279,+12.513,+0.999
